/*--------------------------------*- C++ -*----------------------------------*\
  =========                 |
  \\      /  F ield         | OpenFOAM: The Open Source CFD Toolbox
   \\    /   O peration     | Website:  https://openfoam.org
    \\  /    A nd           | Version:  12
     \\/     M anipulation  |
\*---------------------------------------------------------------------------*/
FoamFile
{
    format      ascii;
    class       labelList;
    location    "constant/polyMesh";
    object      cellProcAddressing;
}
// * * * * * * * * * * * * * * * * * * * * * * * * * * * * * * * * * * * * * //


2688
(
8
9
10
11
12
13
14
15
24
25
26
27
28
29
30
31
40
41
42
43
44
45
46
47
56
57
58
59
60
61
62
63
72
73
74
75
76
77
78
79
88
89
90
91
92
93
94
95
104
105
106
107
108
109
110
111
120
121
122
123
124
125
126
127
136
137
138
139
140
141
142
143
152
153
154
155
156
157
158
159
168
169
170
171
172
173
174
175
184
185
186
187
188
189
190
191
200
201
202
203
204
205
206
207
216
217
218
219
220
221
222
223
232
233
234
235
236
237
238
239
248
249
250
251
252
253
254
255
264
265
266
267
268
269
270
271
280
281
282
283
284
285
286
287
296
297
298
299
300
301
302
303
312
313
314
315
316
317
318
319
328
329
330
331
332
333
334
335
680
681
682
683
684
685
686
687
696
697
698
699
700
701
702
703
712
713
714
715
716
717
718
719
728
729
730
731
732
733
734
735
744
745
746
747
748
749
750
751
760
761
762
763
764
765
766
767
776
777
778
779
780
781
782
783
792
793
794
795
796
797
798
799
808
809
810
811
812
813
814
815
824
825
826
827
828
829
830
831
840
841
842
843
844
845
846
847
856
857
858
859
860
861
862
863
872
873
874
875
876
877
878
879
888
889
890
891
892
893
894
895
904
905
906
907
908
909
910
911
920
921
922
923
924
925
926
927
936
937
938
939
940
941
942
943
952
953
954
955
956
957
958
959
968
969
970
971
972
973
974
975
984
985
986
987
988
989
990
991
1000
1001
1002
1003
1004
1005
1006
1007
1352
1353
1354
1355
1356
1357
1358
1359
1368
1369
1370
1371
1372
1373
1374
1375
1384
1385
1386
1387
1388
1389
1390
1391
1400
1401
1402
1403
1404
1405
1406
1407
1416
1417
1418
1419
1420
1421
1422
1423
1432
1433
1434
1435
1436
1437
1438
1439
1448
1449
1450
1451
1452
1453
1454
1455
1464
1465
1466
1467
1468
1469
1470
1471
1480
1481
1482
1483
1484
1485
1486
1487
1496
1497
1498
1499
1500
1501
1502
1503
1512
1513
1514
1515
1516
1517
1518
1519
1528
1529
1530
1531
1532
1533
1534
1535
1544
1545
1546
1547
1548
1549
1550
1551
1560
1561
1562
1563
1564
1565
1566
1567
1576
1577
1578
1579
1580
1581
1582
1583
1592
1593
1594
1595
1596
1597
1598
1599
1608
1609
1610
1611
1612
1613
1614
1615
1624
1625
1626
1627
1628
1629
1630
1631
1640
1641
1642
1643
1644
1645
1646
1647
1656
1657
1658
1659
1660
1661
1662
1663
1672
1673
1674
1675
1676
1677
1678
1679
2024
2025
2026
2027
2028
2029
2030
2031
2040
2041
2042
2043
2044
2045
2046
2047
2056
2057
2058
2059
2060
2061
2062
2063
2072
2073
2074
2075
2076
2077
2078
2079
2088
2089
2090
2091
2092
2093
2094
2095
2104
2105
2106
2107
2108
2109
2110
2111
2120
2121
2122
2123
2124
2125
2126
2127
2136
2137
2138
2139
2140
2141
2142
2143
2152
2153
2154
2155
2156
2157
2158
2159
2168
2169
2170
2171
2172
2173
2174
2175
2184
2185
2186
2187
2188
2189
2190
2191
2200
2201
2202
2203
2204
2205
2206
2207
2216
2217
2218
2219
2220
2221
2222
2223
2232
2233
2234
2235
2236
2237
2238
2239
2248
2249
2250
2251
2252
2253
2254
2255
2264
2265
2266
2267
2268
2269
2270
2271
2280
2281
2282
2283
2284
2285
2286
2287
2296
2297
2298
2299
2300
2301
2302
2303
2312
2313
2314
2315
2316
2317
2318
2319
2328
2329
2330
2331
2332
2333
2334
2335
2344
2345
2346
2347
2348
2349
2350
2351
2696
2697
2698
2699
2700
2701
2702
2703
2712
2713
2714
2715
2716
2717
2718
2719
2728
2729
2730
2731
2732
2733
2734
2735
2744
2745
2746
2747
2748
2749
2750
2751
2760
2761
2762
2763
2764
2765
2766
2767
2776
2777
2778
2779
2780
2781
2782
2783
2792
2793
2794
2795
2796
2797
2798
2799
2808
2809
2810
2811
2812
2813
2814
2815
2824
2825
2826
2827
2828
2829
2830
2831
2840
2841
2842
2843
2844
2845
2846
2847
2856
2857
2858
2859
2860
2861
2862
2863
2872
2873
2874
2875
2876
2877
2878
2879
2888
2889
2890
2891
2892
2893
2894
2895
2904
2905
2906
2907
2908
2909
2910
2911
2920
2921
2922
2923
2924
2925
2926
2927
2936
2937
2938
2939
2940
2941
2942
2943
2952
2953
2954
2955
2956
2957
2958
2959
2968
2969
2970
2971
2972
2973
2974
2975
2984
2985
2986
2987
2988
2989
2990
2991
3000
3001
3002
3003
3004
3005
3006
3007
3016
3017
3018
3019
3020
3021
3022
3023
3368
3369
3370
3371
3372
3373
3374
3375
3384
3385
3386
3387
3388
3389
3390
3391
3400
3401
3402
3403
3404
3405
3406
3407
3416
3417
3418
3419
3420
3421
3422
3423
3432
3433
3434
3435
3436
3437
3438
3439
3448
3449
3450
3451
3452
3453
3454
3455
3464
3465
3466
3467
3468
3469
3470
3471
3480
3481
3482
3483
3484
3485
3486
3487
3496
3497
3498
3499
3500
3501
3502
3503
3512
3513
3514
3515
3516
3517
3518
3519
3528
3529
3530
3531
3532
3533
3534
3535
3544
3545
3546
3547
3548
3549
3550
3551
3560
3561
3562
3563
3564
3565
3566
3567
3576
3577
3578
3579
3580
3581
3582
3583
3592
3593
3594
3595
3596
3597
3598
3599
3608
3609
3610
3611
3612
3613
3614
3615
3624
3625
3626
3627
3628
3629
3630
3631
3640
3641
3642
3643
3644
3645
3646
3647
3656
3657
3658
3659
3660
3661
3662
3663
3672
3673
3674
3675
3676
3677
3678
3679
3688
3689
3690
3691
3692
3693
3694
3695
4040
4041
4042
4043
4044
4045
4046
4047
4056
4057
4058
4059
4060
4061
4062
4063
4072
4073
4074
4075
4076
4077
4078
4079
4088
4089
4090
4091
4092
4093
4094
4095
4104
4105
4106
4107
4108
4109
4110
4111
4120
4121
4122
4123
4124
4125
4126
4127
4136
4137
4138
4139
4140
4141
4142
4143
4152
4153
4154
4155
4156
4157
4158
4159
4168
4169
4170
4171
4172
4173
4174
4175
4184
4185
4186
4187
4188
4189
4190
4191
4200
4201
4202
4203
4204
4205
4206
4207
4216
4217
4218
4219
4220
4221
4222
4223
4232
4233
4234
4235
4236
4237
4238
4239
4248
4249
4250
4251
4252
4253
4254
4255
4264
4265
4266
4267
4268
4269
4270
4271
4280
4281
4282
4283
4284
4285
4286
4287
4296
4297
4298
4299
4300
4301
4302
4303
4312
4313
4314
4315
4316
4317
4318
4319
4328
4329
4330
4331
4332
4333
4334
4335
4344
4345
4346
4347
4348
4349
4350
4351
4360
4361
4362
4363
4364
4365
4366
4367
4712
4713
4714
4715
4716
4717
4718
4719
4728
4729
4730
4731
4732
4733
4734
4735
4744
4745
4746
4747
4748
4749
4750
4751
4760
4761
4762
4763
4764
4765
4766
4767
4776
4777
4778
4779
4780
4781
4782
4783
4792
4793
4794
4795
4796
4797
4798
4799
4808
4809
4810
4811
4812
4813
4814
4815
4824
4825
4826
4827
4828
4829
4830
4831
4840
4841
4842
4843
4844
4845
4846
4847
4856
4857
4858
4859
4860
4861
4862
4863
4872
4873
4874
4875
4876
4877
4878
4879
4888
4889
4890
4891
4892
4893
4894
4895
4904
4905
4906
4907
4908
4909
4910
4911
4920
4921
4922
4923
4924
4925
4926
4927
4936
4937
4938
4939
4940
4941
4942
4943
4952
4953
4954
4955
4956
4957
4958
4959
4968
4969
4970
4971
4972
4973
4974
4975
4984
4985
4986
4987
4988
4989
4990
4991
5000
5001
5002
5003
5004
5005
5006
5007
5016
5017
5018
5019
5020
5021
5022
5023
5032
5033
5034
5035
5036
5037
5038
5039
5384
5385
5386
5387
5388
5389
5390
5391
5400
5401
5402
5403
5404
5405
5406
5407
5416
5417
5418
5419
5420
5421
5422
5423
5432
5433
5434
5435
5436
5437
5438
5439
5448
5449
5450
5451
5452
5453
5454
5455
5464
5465
5466
5467
5468
5469
5470
5471
5480
5481
5482
5483
5484
5485
5486
5487
5496
5497
5498
5499
5500
5501
5502
5503
5512
5513
5514
5515
5516
5517
5518
5519
5528
5529
5530
5531
5532
5533
5534
5535
5544
5545
5546
5547
5548
5549
5550
5551
5560
5561
5562
5563
5564
5565
5566
5567
5576
5577
5578
5579
5580
5581
5582
5583
5592
5593
5594
5595
5596
5597
5598
5599
5608
5609
5610
5611
5612
5613
5614
5615
5624
5625
5626
5627
5628
5629
5630
5631
5640
5641
5642
5643
5644
5645
5646
5647
5656
5657
5658
5659
5660
5661
5662
5663
5672
5673
5674
5675
5676
5677
5678
5679
5688
5689
5690
5691
5692
5693
5694
5695
5704
5705
5706
5707
5708
5709
5710
5711
6056
6057
6058
6059
6060
6061
6062
6063
6072
6073
6074
6075
6076
6077
6078
6079
6088
6089
6090
6091
6092
6093
6094
6095
6104
6105
6106
6107
6108
6109
6110
6111
6120
6121
6122
6123
6124
6125
6126
6127
6136
6137
6138
6139
6140
6141
6142
6143
6152
6153
6154
6155
6156
6157
6158
6159
6168
6169
6170
6171
6172
6173
6174
6175
6184
6185
6186
6187
6188
6189
6190
6191
6200
6201
6202
6203
6204
6205
6206
6207
6216
6217
6218
6219
6220
6221
6222
6223
6232
6233
6234
6235
6236
6237
6238
6239
6248
6249
6250
6251
6252
6253
6254
6255
6264
6265
6266
6267
6268
6269
6270
6271
6280
6281
6282
6283
6284
6285
6286
6287
6296
6297
6298
6299
6300
6301
6302
6303
6312
6313
6314
6315
6316
6317
6318
6319
6328
6329
6330
6331
6332
6333
6334
6335
6344
6345
6346
6347
6348
6349
6350
6351
6360
6361
6362
6363
6364
6365
6366
6367
6376
6377
6378
6379
6380
6381
6382
6383
6728
6729
6730
6731
6732
6733
6734
6735
6744
6745
6746
6747
6748
6749
6750
6751
6760
6761
6762
6763
6764
6765
6766
6767
6776
6777
6778
6779
6780
6781
6782
6783
6792
6793
6794
6795
6796
6797
6798
6799
6808
6809
6810
6811
6812
6813
6814
6815
6824
6825
6826
6827
6828
6829
6830
6831
6840
6841
6842
6843
6844
6845
6846
6847
6856
6857
6858
6859
6860
6861
6862
6863
6872
6873
6874
6875
6876
6877
6878
6879
6888
6889
6890
6891
6892
6893
6894
6895
6904
6905
6906
6907
6908
6909
6910
6911
6920
6921
6922
6923
6924
6925
6926
6927
6936
6937
6938
6939
6940
6941
6942
6943
6952
6953
6954
6955
6956
6957
6958
6959
6968
6969
6970
6971
6972
6973
6974
6975
6984
6985
6986
6987
6988
6989
6990
6991
7000
7001
7002
7003
7004
7005
7006
7007
7016
7017
7018
7019
7020
7021
7022
7023
7032
7033
7034
7035
7036
7037
7038
7039
7048
7049
7050
7051
7052
7053
7054
7055
7400
7401
7402
7403
7404
7405
7406
7407
7416
7417
7418
7419
7420
7421
7422
7423
7432
7433
7434
7435
7436
7437
7438
7439
7448
7449
7450
7451
7452
7453
7454
7455
7464
7465
7466
7467
7468
7469
7470
7471
7480
7481
7482
7483
7484
7485
7486
7487
7496
7497
7498
7499
7500
7501
7502
7503
7512
7513
7514
7515
7516
7517
7518
7519
7528
7529
7530
7531
7532
7533
7534
7535
7544
7545
7546
7547
7548
7549
7550
7551
7560
7561
7562
7563
7564
7565
7566
7567
7576
7577
7578
7579
7580
7581
7582
7583
7592
7593
7594
7595
7596
7597
7598
7599
7608
7609
7610
7611
7612
7613
7614
7615
7624
7625
7626
7627
7628
7629
7630
7631
7640
7641
7642
7643
7644
7645
7646
7647
7656
7657
7658
7659
7660
7661
7662
7663
7672
7673
7674
7675
7676
7677
7678
7679
7688
7689
7690
7691
7692
7693
7694
7695
7704
7705
7706
7707
7708
7709
7710
7711
7720
7721
7722
7723
7724
7725
7726
7727
8072
8073
8074
8075
8076
8077
8078
8079
8088
8089
8090
8091
8092
8093
8094
8095
8104
8105
8106
8107
8108
8109
8110
8111
8120
8121
8122
8123
8124
8125
8126
8127
8136
8137
8138
8139
8140
8141
8142
8143
8152
8153
8154
8155
8156
8157
8158
8159
8168
8169
8170
8171
8172
8173
8174
8175
8184
8185
8186
8187
8188
8189
8190
8191
8200
8201
8202
8203
8204
8205
8206
8207
8216
8217
8218
8219
8220
8221
8222
8223
8232
8233
8234
8235
8236
8237
8238
8239
8248
8249
8250
8251
8252
8253
8254
8255
8264
8265
8266
8267
8268
8269
8270
8271
8280
8281
8282
8283
8284
8285
8286
8287
8296
8297
8298
8299
8300
8301
8302
8303
8312
8313
8314
8315
8316
8317
8318
8319
8328
8329
8330
8331
8332
8333
8334
8335
8344
8345
8346
8347
8348
8349
8350
8351
8360
8361
8362
8363
8364
8365
8366
8367
8376
8377
8378
8379
8380
8381
8382
8383
8392
8393
8394
8395
8396
8397
8398
8399
8744
8745
8746
8747
8748
8749
8750
8751
8760
8761
8762
8763
8764
8765
8766
8767
8776
8777
8778
8779
8780
8781
8782
8783
8792
8793
8794
8795
8796
8797
8798
8799
8808
8809
8810
8811
8812
8813
8814
8815
8824
8825
8826
8827
8828
8829
8830
8831
8840
8841
8842
8843
8844
8845
8846
8847
8856
8857
8858
8859
8860
8861
8862
8863
8872
8873
8874
8875
8876
8877
8878
8879
8888
8889
8890
8891
8892
8893
8894
8895
8904
8905
8906
8907
8908
8909
8910
8911
8920
8921
8922
8923
8924
8925
8926
8927
8936
8937
8938
8939
8940
8941
8942
8943
8952
8953
8954
8955
8956
8957
8958
8959
8968
8969
8970
8971
8972
8973
8974
8975
8984
8985
8986
8987
8988
8989
8990
8991
9000
9001
9002
9003
9004
9005
9006
9007
9016
9017
9018
9019
9020
9021
9022
9023
9032
9033
9034
9035
9036
9037
9038
9039
9048
9049
9050
9051
9052
9053
9054
9055
9064
9065
9066
9067
9068
9069
9070
9071
9416
9417
9418
9419
9420
9421
9422
9423
9432
9433
9434
9435
9436
9437
9438
9439
9448
9449
9450
9451
9452
9453
9454
9455
9464
9465
9466
9467
9468
9469
9470
9471
9480
9481
9482
9483
9484
9485
9486
9487
9496
9497
9498
9499
9500
9501
9502
9503
9512
9513
9514
9515
9516
9517
9518
9519
9528
9529
9530
9531
9532
9533
9534
9535
9544
9545
9546
9547
9548
9549
9550
9551
9560
9561
9562
9563
9564
9565
9566
9567
9576
9577
9578
9579
9580
9581
9582
9583
9592
9593
9594
9595
9596
9597
9598
9599
9608
9609
9610
9611
9612
9613
9614
9615
9624
9625
9626
9627
9628
9629
9630
9631
9640
9641
9642
9643
9644
9645
9646
9647
9656
9657
9658
9659
9660
9661
9662
9663
9672
9673
9674
9675
9676
9677
9678
9679
9688
9689
9690
9691
9692
9693
9694
9695
9704
9705
9706
9707
9708
9709
9710
9711
9720
9721
9722
9723
9724
9725
9726
9727
9736
9737
9738
9739
9740
9741
9742
9743
10088
10089
10090
10091
10092
10093
10094
10095
10104
10105
10106
10107
10108
10109
10110
10111
10120
10121
10122
10123
10124
10125
10126
10127
10136
10137
10138
10139
10140
10141
10142
10143
10152
10153
10154
10155
10156
10157
10158
10159
10168
10169
10170
10171
10172
10173
10174
10175
10184
10185
10186
10187
10188
10189
10190
10191
10200
10201
10202
10203
10204
10205
10206
10207
10216
10217
10218
10219
10220
10221
10222
10223
10232
10233
10234
10235
10236
10237
10238
10239
10248
10249
10250
10251
10252
10253
10254
10255
10264
10265
10266
10267
10268
10269
10270
10271
10280
10281
10282
10283
10284
10285
10286
10287
10296
10297
10298
10299
10300
10301
10302
10303
10312
10313
10314
10315
10316
10317
10318
10319
10328
10329
10330
10331
10332
10333
10334
10335
10344
10345
10346
10347
10348
10349
10350
10351
10360
10361
10362
10363
10364
10365
10366
10367
10376
10377
10378
10379
10380
10381
10382
10383
10392
10393
10394
10395
10396
10397
10398
10399
10408
10409
10410
10411
10412
10413
10414
10415
)


// ************************************************************************* //
