/*--------------------------------*- C++ -*----------------------------------*\
  =========                 |
  \\      /  F ield         | OpenFOAM: The Open Source CFD Toolbox
   \\    /   O peration     | Website:  https://openfoam.org
    \\  /    A nd           | Version:  12
     \\/     M anipulation  |
\*---------------------------------------------------------------------------*/
FoamFile
{
    format      ascii;
    class       labelList;
    location    "constant/polyMesh";
    object      pointProcAddressing;
}
// * * * * * * * * * * * * * * * * * * * * * * * * * * * * * * * * * * * * * //


3366
(
8
9
10
11
12
13
14
15
16
25
26
27
28
29
30
31
32
33
42
43
44
45
46
47
48
49
50
59
60
61
62
63
64
65
66
67
76
77
78
79
80
81
82
83
84
93
94
95
96
97
98
99
100
101
110
111
112
113
114
115
116
117
118
127
128
129
130
131
132
133
134
135
144
145
146
147
148
149
150
151
152
161
162
163
164
165
166
167
168
169
178
179
180
181
182
183
184
185
186
195
196
197
198
199
200
201
202
203
212
213
214
215
216
217
218
219
220
229
230
231
232
233
234
235
236
237
246
247
248
249
250
251
252
253
254
263
264
265
266
267
268
269
270
271
280
281
282
283
284
285
286
287
288
297
298
299
300
301
302
303
304
305
314
315
316
317
318
319
320
321
322
331
332
333
334
335
336
337
338
339
348
349
350
351
352
353
354
355
356
365
366
367
368
369
370
371
372
373
739
740
741
742
743
744
745
746
747
756
757
758
759
760
761
762
763
764
773
774
775
776
777
778
779
780
781
790
791
792
793
794
795
796
797
798
807
808
809
810
811
812
813
814
815
824
825
826
827
828
829
830
831
832
841
842
843
844
845
846
847
848
849
858
859
860
861
862
863
864
865
866
875
876
877
878
879
880
881
882
883
892
893
894
895
896
897
898
899
900
909
910
911
912
913
914
915
916
917
926
927
928
929
930
931
932
933
934
943
944
945
946
947
948
949
950
951
960
961
962
963
964
965
966
967
968
977
978
979
980
981
982
983
984
985
994
995
996
997
998
999
1000
1001
1002
1011
1012
1013
1014
1015
1016
1017
1018
1019
1028
1029
1030
1031
1032
1033
1034
1035
1036
1045
1046
1047
1048
1049
1050
1051
1052
1053
1062
1063
1064
1065
1066
1067
1068
1069
1070
1079
1080
1081
1082
1083
1084
1085
1086
1087
1096
1097
1098
1099
1100
1101
1102
1103
1104
1470
1471
1472
1473
1474
1475
1476
1477
1478
1487
1488
1489
1490
1491
1492
1493
1494
1495
1504
1505
1506
1507
1508
1509
1510
1511
1512
1521
1522
1523
1524
1525
1526
1527
1528
1529
1538
1539
1540
1541
1542
1543
1544
1545
1546
1555
1556
1557
1558
1559
1560
1561
1562
1563
1572
1573
1574
1575
1576
1577
1578
1579
1580
1589
1590
1591
1592
1593
1594
1595
1596
1597
1606
1607
1608
1609
1610
1611
1612
1613
1614
1623
1624
1625
1626
1627
1628
1629
1630
1631
1640
1641
1642
1643
1644
1645
1646
1647
1648
1657
1658
1659
1660
1661
1662
1663
1664
1665
1674
1675
1676
1677
1678
1679
1680
1681
1682
1691
1692
1693
1694
1695
1696
1697
1698
1699
1708
1709
1710
1711
1712
1713
1714
1715
1716
1725
1726
1727
1728
1729
1730
1731
1732
1733
1742
1743
1744
1745
1746
1747
1748
1749
1750
1759
1760
1761
1762
1763
1764
1765
1766
1767
1776
1777
1778
1779
1780
1781
1782
1783
1784
1793
1794
1795
1796
1797
1798
1799
1800
1801
1810
1811
1812
1813
1814
1815
1816
1817
1818
1827
1828
1829
1830
1831
1832
1833
1834
1835
2201
2202
2203
2204
2205
2206
2207
2208
2209
2218
2219
2220
2221
2222
2223
2224
2225
2226
2235
2236
2237
2238
2239
2240
2241
2242
2243
2252
2253
2254
2255
2256
2257
2258
2259
2260
2269
2270
2271
2272
2273
2274
2275
2276
2277
2286
2287
2288
2289
2290
2291
2292
2293
2294
2303
2304
2305
2306
2307
2308
2309
2310
2311
2320
2321
2322
2323
2324
2325
2326
2327
2328
2337
2338
2339
2340
2341
2342
2343
2344
2345
2354
2355
2356
2357
2358
2359
2360
2361
2362
2371
2372
2373
2374
2375
2376
2377
2378
2379
2388
2389
2390
2391
2392
2393
2394
2395
2396
2405
2406
2407
2408
2409
2410
2411
2412
2413
2422
2423
2424
2425
2426
2427
2428
2429
2430
2439
2440
2441
2442
2443
2444
2445
2446
2447
2456
2457
2458
2459
2460
2461
2462
2463
2464
2473
2474
2475
2476
2477
2478
2479
2480
2481
2490
2491
2492
2493
2494
2495
2496
2497
2498
2507
2508
2509
2510
2511
2512
2513
2514
2515
2524
2525
2526
2527
2528
2529
2530
2531
2532
2541
2542
2543
2544
2545
2546
2547
2548
2549
2558
2559
2560
2561
2562
2563
2564
2565
2566
2932
2933
2934
2935
2936
2937
2938
2939
2940
2949
2950
2951
2952
2953
2954
2955
2956
2957
2966
2967
2968
2969
2970
2971
2972
2973
2974
2983
2984
2985
2986
2987
2988
2989
2990
2991
3000
3001
3002
3003
3004
3005
3006
3007
3008
3017
3018
3019
3020
3021
3022
3023
3024
3025
3034
3035
3036
3037
3038
3039
3040
3041
3042
3051
3052
3053
3054
3055
3056
3057
3058
3059
3068
3069
3070
3071
3072
3073
3074
3075
3076
3085
3086
3087
3088
3089
3090
3091
3092
3093
3102
3103
3104
3105
3106
3107
3108
3109
3110
3119
3120
3121
3122
3123
3124
3125
3126
3127
3136
3137
3138
3139
3140
3141
3142
3143
3144
3153
3154
3155
3156
3157
3158
3159
3160
3161
3170
3171
3172
3173
3174
3175
3176
3177
3178
3187
3188
3189
3190
3191
3192
3193
3194
3195
3204
3205
3206
3207
3208
3209
3210
3211
3212
3221
3222
3223
3224
3225
3226
3227
3228
3229
3238
3239
3240
3241
3242
3243
3244
3245
3246
3255
3256
3257
3258
3259
3260
3261
3262
3263
3272
3273
3274
3275
3276
3277
3278
3279
3280
3289
3290
3291
3292
3293
3294
3295
3296
3297
3663
3664
3665
3666
3667
3668
3669
3670
3671
3680
3681
3682
3683
3684
3685
3686
3687
3688
3697
3698
3699
3700
3701
3702
3703
3704
3705
3714
3715
3716
3717
3718
3719
3720
3721
3722
3731
3732
3733
3734
3735
3736
3737
3738
3739
3748
3749
3750
3751
3752
3753
3754
3755
3756
3765
3766
3767
3768
3769
3770
3771
3772
3773
3782
3783
3784
3785
3786
3787
3788
3789
3790
3799
3800
3801
3802
3803
3804
3805
3806
3807
3816
3817
3818
3819
3820
3821
3822
3823
3824
3833
3834
3835
3836
3837
3838
3839
3840
3841
3850
3851
3852
3853
3854
3855
3856
3857
3858
3867
3868
3869
3870
3871
3872
3873
3874
3875
3884
3885
3886
3887
3888
3889
3890
3891
3892
3901
3902
3903
3904
3905
3906
3907
3908
3909
3918
3919
3920
3921
3922
3923
3924
3925
3926
3935
3936
3937
3938
3939
3940
3941
3942
3943
3952
3953
3954
3955
3956
3957
3958
3959
3960
3969
3970
3971
3972
3973
3974
3975
3976
3977
3986
3987
3988
3989
3990
3991
3992
3993
3994
4003
4004
4005
4006
4007
4008
4009
4010
4011
4020
4021
4022
4023
4024
4025
4026
4027
4028
4394
4395
4396
4397
4398
4399
4400
4401
4402
4411
4412
4413
4414
4415
4416
4417
4418
4419
4428
4429
4430
4431
4432
4433
4434
4435
4436
4445
4446
4447
4448
4449
4450
4451
4452
4453
4462
4463
4464
4465
4466
4467
4468
4469
4470
4479
4480
4481
4482
4483
4484
4485
4486
4487
4496
4497
4498
4499
4500
4501
4502
4503
4504
4513
4514
4515
4516
4517
4518
4519
4520
4521
4530
4531
4532
4533
4534
4535
4536
4537
4538
4547
4548
4549
4550
4551
4552
4553
4554
4555
4564
4565
4566
4567
4568
4569
4570
4571
4572
4581
4582
4583
4584
4585
4586
4587
4588
4589
4598
4599
4600
4601
4602
4603
4604
4605
4606
4615
4616
4617
4618
4619
4620
4621
4622
4623
4632
4633
4634
4635
4636
4637
4638
4639
4640
4649
4650
4651
4652
4653
4654
4655
4656
4657
4666
4667
4668
4669
4670
4671
4672
4673
4674
4683
4684
4685
4686
4687
4688
4689
4690
4691
4700
4701
4702
4703
4704
4705
4706
4707
4708
4717
4718
4719
4720
4721
4722
4723
4724
4725
4734
4735
4736
4737
4738
4739
4740
4741
4742
4751
4752
4753
4754
4755
4756
4757
4758
4759
5125
5126
5127
5128
5129
5130
5131
5132
5133
5142
5143
5144
5145
5146
5147
5148
5149
5150
5159
5160
5161
5162
5163
5164
5165
5166
5167
5176
5177
5178
5179
5180
5181
5182
5183
5184
5193
5194
5195
5196
5197
5198
5199
5200
5201
5210
5211
5212
5213
5214
5215
5216
5217
5218
5227
5228
5229
5230
5231
5232
5233
5234
5235
5244
5245
5246
5247
5248
5249
5250
5251
5252
5261
5262
5263
5264
5265
5266
5267
5268
5269
5278
5279
5280
5281
5282
5283
5284
5285
5286
5295
5296
5297
5298
5299
5300
5301
5302
5303
5312
5313
5314
5315
5316
5317
5318
5319
5320
5329
5330
5331
5332
5333
5334
5335
5336
5337
5346
5347
5348
5349
5350
5351
5352
5353
5354
5363
5364
5365
5366
5367
5368
5369
5370
5371
5380
5381
5382
5383
5384
5385
5386
5387
5388
5397
5398
5399
5400
5401
5402
5403
5404
5405
5414
5415
5416
5417
5418
5419
5420
5421
5422
5431
5432
5433
5434
5435
5436
5437
5438
5439
5448
5449
5450
5451
5452
5453
5454
5455
5456
5465
5466
5467
5468
5469
5470
5471
5472
5473
5482
5483
5484
5485
5486
5487
5488
5489
5490
5856
5857
5858
5859
5860
5861
5862
5863
5864
5873
5874
5875
5876
5877
5878
5879
5880
5881
5890
5891
5892
5893
5894
5895
5896
5897
5898
5907
5908
5909
5910
5911
5912
5913
5914
5915
5924
5925
5926
5927
5928
5929
5930
5931
5932
5941
5942
5943
5944
5945
5946
5947
5948
5949
5958
5959
5960
5961
5962
5963
5964
5965
5966
5975
5976
5977
5978
5979
5980
5981
5982
5983
5992
5993
5994
5995
5996
5997
5998
5999
6000
6009
6010
6011
6012
6013
6014
6015
6016
6017
6026
6027
6028
6029
6030
6031
6032
6033
6034
6043
6044
6045
6046
6047
6048
6049
6050
6051
6060
6061
6062
6063
6064
6065
6066
6067
6068
6077
6078
6079
6080
6081
6082
6083
6084
6085
6094
6095
6096
6097
6098
6099
6100
6101
6102
6111
6112
6113
6114
6115
6116
6117
6118
6119
6128
6129
6130
6131
6132
6133
6134
6135
6136
6145
6146
6147
6148
6149
6150
6151
6152
6153
6162
6163
6164
6165
6166
6167
6168
6169
6170
6179
6180
6181
6182
6183
6184
6185
6186
6187
6196
6197
6198
6199
6200
6201
6202
6203
6204
6213
6214
6215
6216
6217
6218
6219
6220
6221
6587
6588
6589
6590
6591
6592
6593
6594
6595
6604
6605
6606
6607
6608
6609
6610
6611
6612
6621
6622
6623
6624
6625
6626
6627
6628
6629
6638
6639
6640
6641
6642
6643
6644
6645
6646
6655
6656
6657
6658
6659
6660
6661
6662
6663
6672
6673
6674
6675
6676
6677
6678
6679
6680
6689
6690
6691
6692
6693
6694
6695
6696
6697
6706
6707
6708
6709
6710
6711
6712
6713
6714
6723
6724
6725
6726
6727
6728
6729
6730
6731
6740
6741
6742
6743
6744
6745
6746
6747
6748
6757
6758
6759
6760
6761
6762
6763
6764
6765
6774
6775
6776
6777
6778
6779
6780
6781
6782
6791
6792
6793
6794
6795
6796
6797
6798
6799
6808
6809
6810
6811
6812
6813
6814
6815
6816
6825
6826
6827
6828
6829
6830
6831
6832
6833
6842
6843
6844
6845
6846
6847
6848
6849
6850
6859
6860
6861
6862
6863
6864
6865
6866
6867
6876
6877
6878
6879
6880
6881
6882
6883
6884
6893
6894
6895
6896
6897
6898
6899
6900
6901
6910
6911
6912
6913
6914
6915
6916
6917
6918
6927
6928
6929
6930
6931
6932
6933
6934
6935
6944
6945
6946
6947
6948
6949
6950
6951
6952
7318
7319
7320
7321
7322
7323
7324
7325
7326
7335
7336
7337
7338
7339
7340
7341
7342
7343
7352
7353
7354
7355
7356
7357
7358
7359
7360
7369
7370
7371
7372
7373
7374
7375
7376
7377
7386
7387
7388
7389
7390
7391
7392
7393
7394
7403
7404
7405
7406
7407
7408
7409
7410
7411
7420
7421
7422
7423
7424
7425
7426
7427
7428
7437
7438
7439
7440
7441
7442
7443
7444
7445
7454
7455
7456
7457
7458
7459
7460
7461
7462
7471
7472
7473
7474
7475
7476
7477
7478
7479
7488
7489
7490
7491
7492
7493
7494
7495
7496
7505
7506
7507
7508
7509
7510
7511
7512
7513
7522
7523
7524
7525
7526
7527
7528
7529
7530
7539
7540
7541
7542
7543
7544
7545
7546
7547
7556
7557
7558
7559
7560
7561
7562
7563
7564
7573
7574
7575
7576
7577
7578
7579
7580
7581
7590
7591
7592
7593
7594
7595
7596
7597
7598
7607
7608
7609
7610
7611
7612
7613
7614
7615
7624
7625
7626
7627
7628
7629
7630
7631
7632
7641
7642
7643
7644
7645
7646
7647
7648
7649
7658
7659
7660
7661
7662
7663
7664
7665
7666
7675
7676
7677
7678
7679
7680
7681
7682
7683
8049
8050
8051
8052
8053
8054
8055
8056
8057
8066
8067
8068
8069
8070
8071
8072
8073
8074
8083
8084
8085
8086
8087
8088
8089
8090
8091
8100
8101
8102
8103
8104
8105
8106
8107
8108
8117
8118
8119
8120
8121
8122
8123
8124
8125
8134
8135
8136
8137
8138
8139
8140
8141
8142
8151
8152
8153
8154
8155
8156
8157
8158
8159
8168
8169
8170
8171
8172
8173
8174
8175
8176
8185
8186
8187
8188
8189
8190
8191
8192
8193
8202
8203
8204
8205
8206
8207
8208
8209
8210
8219
8220
8221
8222
8223
8224
8225
8226
8227
8236
8237
8238
8239
8240
8241
8242
8243
8244
8253
8254
8255
8256
8257
8258
8259
8260
8261
8270
8271
8272
8273
8274
8275
8276
8277
8278
8287
8288
8289
8290
8291
8292
8293
8294
8295
8304
8305
8306
8307
8308
8309
8310
8311
8312
8321
8322
8323
8324
8325
8326
8327
8328
8329
8338
8339
8340
8341
8342
8343
8344
8345
8346
8355
8356
8357
8358
8359
8360
8361
8362
8363
8372
8373
8374
8375
8376
8377
8378
8379
8380
8389
8390
8391
8392
8393
8394
8395
8396
8397
8406
8407
8408
8409
8410
8411
8412
8413
8414
8780
8781
8782
8783
8784
8785
8786
8787
8788
8797
8798
8799
8800
8801
8802
8803
8804
8805
8814
8815
8816
8817
8818
8819
8820
8821
8822
8831
8832
8833
8834
8835
8836
8837
8838
8839
8848
8849
8850
8851
8852
8853
8854
8855
8856
8865
8866
8867
8868
8869
8870
8871
8872
8873
8882
8883
8884
8885
8886
8887
8888
8889
8890
8899
8900
8901
8902
8903
8904
8905
8906
8907
8916
8917
8918
8919
8920
8921
8922
8923
8924
8933
8934
8935
8936
8937
8938
8939
8940
8941
8950
8951
8952
8953
8954
8955
8956
8957
8958
8967
8968
8969
8970
8971
8972
8973
8974
8975
8984
8985
8986
8987
8988
8989
8990
8991
8992
9001
9002
9003
9004
9005
9006
9007
9008
9009
9018
9019
9020
9021
9022
9023
9024
9025
9026
9035
9036
9037
9038
9039
9040
9041
9042
9043
9052
9053
9054
9055
9056
9057
9058
9059
9060
9069
9070
9071
9072
9073
9074
9075
9076
9077
9086
9087
9088
9089
9090
9091
9092
9093
9094
9103
9104
9105
9106
9107
9108
9109
9110
9111
9120
9121
9122
9123
9124
9125
9126
9127
9128
9137
9138
9139
9140
9141
9142
9143
9144
9145
9511
9512
9513
9514
9515
9516
9517
9518
9519
9528
9529
9530
9531
9532
9533
9534
9535
9536
9545
9546
9547
9548
9549
9550
9551
9552
9553
9562
9563
9564
9565
9566
9567
9568
9569
9570
9579
9580
9581
9582
9583
9584
9585
9586
9587
9596
9597
9598
9599
9600
9601
9602
9603
9604
9613
9614
9615
9616
9617
9618
9619
9620
9621
9630
9631
9632
9633
9634
9635
9636
9637
9638
9647
9648
9649
9650
9651
9652
9653
9654
9655
9664
9665
9666
9667
9668
9669
9670
9671
9672
9681
9682
9683
9684
9685
9686
9687
9688
9689
9698
9699
9700
9701
9702
9703
9704
9705
9706
9715
9716
9717
9718
9719
9720
9721
9722
9723
9732
9733
9734
9735
9736
9737
9738
9739
9740
9749
9750
9751
9752
9753
9754
9755
9756
9757
9766
9767
9768
9769
9770
9771
9772
9773
9774
9783
9784
9785
9786
9787
9788
9789
9790
9791
9800
9801
9802
9803
9804
9805
9806
9807
9808
9817
9818
9819
9820
9821
9822
9823
9824
9825
9834
9835
9836
9837
9838
9839
9840
9841
9842
9851
9852
9853
9854
9855
9856
9857
9858
9859
9868
9869
9870
9871
9872
9873
9874
9875
9876
10242
10243
10244
10245
10246
10247
10248
10249
10250
10259
10260
10261
10262
10263
10264
10265
10266
10267
10276
10277
10278
10279
10280
10281
10282
10283
10284
10293
10294
10295
10296
10297
10298
10299
10300
10301
10310
10311
10312
10313
10314
10315
10316
10317
10318
10327
10328
10329
10330
10331
10332
10333
10334
10335
10344
10345
10346
10347
10348
10349
10350
10351
10352
10361
10362
10363
10364
10365
10366
10367
10368
10369
10378
10379
10380
10381
10382
10383
10384
10385
10386
10395
10396
10397
10398
10399
10400
10401
10402
10403
10412
10413
10414
10415
10416
10417
10418
10419
10420
10429
10430
10431
10432
10433
10434
10435
10436
10437
10446
10447
10448
10449
10450
10451
10452
10453
10454
10463
10464
10465
10466
10467
10468
10469
10470
10471
10480
10481
10482
10483
10484
10485
10486
10487
10488
10497
10498
10499
10500
10501
10502
10503
10504
10505
10514
10515
10516
10517
10518
10519
10520
10521
10522
10531
10532
10533
10534
10535
10536
10537
10538
10539
10548
10549
10550
10551
10552
10553
10554
10555
10556
10565
10566
10567
10568
10569
10570
10571
10572
10573
10582
10583
10584
10585
10586
10587
10588
10589
10590
10599
10600
10601
10602
10603
10604
10605
10606
10607
10973
10974
10975
10976
10977
10978
10979
10980
10981
10990
10991
10992
10993
10994
10995
10996
10997
10998
11007
11008
11009
11010
11011
11012
11013
11014
11015
11024
11025
11026
11027
11028
11029
11030
11031
11032
11041
11042
11043
11044
11045
11046
11047
11048
11049
11058
11059
11060
11061
11062
11063
11064
11065
11066
11075
11076
11077
11078
11079
11080
11081
11082
11083
11092
11093
11094
11095
11096
11097
11098
11099
11100
11109
11110
11111
11112
11113
11114
11115
11116
11117
11126
11127
11128
11129
11130
11131
11132
11133
11134
11143
11144
11145
11146
11147
11148
11149
11150
11151
11160
11161
11162
11163
11164
11165
11166
11167
11168
11177
11178
11179
11180
11181
11182
11183
11184
11185
11194
11195
11196
11197
11198
11199
11200
11201
11202
11211
11212
11213
11214
11215
11216
11217
11218
11219
11228
11229
11230
11231
11232
11233
11234
11235
11236
11245
11246
11247
11248
11249
11250
11251
11252
11253
11262
11263
11264
11265
11266
11267
11268
11269
11270
11279
11280
11281
11282
11283
11284
11285
11286
11287
11296
11297
11298
11299
11300
11301
11302
11303
11304
11313
11314
11315
11316
11317
11318
11319
11320
11321
11330
11331
11332
11333
11334
11335
11336
11337
11338
11704
11705
11706
11707
11708
11709
11710
11711
11712
11721
11722
11723
11724
11725
11726
11727
11728
11729
11738
11739
11740
11741
11742
11743
11744
11745
11746
11755
11756
11757
11758
11759
11760
11761
11762
11763
11772
11773
11774
11775
11776
11777
11778
11779
11780
11789
11790
11791
11792
11793
11794
11795
11796
11797
11806
11807
11808
11809
11810
11811
11812
11813
11814
11823
11824
11825
11826
11827
11828
11829
11830
11831
11840
11841
11842
11843
11844
11845
11846
11847
11848
11857
11858
11859
11860
11861
11862
11863
11864
11865
11874
11875
11876
11877
11878
11879
11880
11881
11882
11891
11892
11893
11894
11895
11896
11897
11898
11899
11908
11909
11910
11911
11912
11913
11914
11915
11916
11925
11926
11927
11928
11929
11930
11931
11932
11933
11942
11943
11944
11945
11946
11947
11948
11949
11950
11959
11960
11961
11962
11963
11964
11965
11966
11967
11976
11977
11978
11979
11980
11981
11982
11983
11984
11993
11994
11995
11996
11997
11998
11999
12000
12001
12010
12011
12012
12013
12014
12015
12016
12017
12018
12027
12028
12029
12030
12031
12032
12033
12034
12035
12044
12045
12046
12047
12048
12049
12050
12051
12052
12061
12062
12063
12064
12065
12066
12067
12068
12069
)


// ************************************************************************* //
