/*--------------------------------*- C++ -*----------------------------------*\
  =========                 |
  \\      /  F ield         | OpenFOAM: The Open Source CFD Toolbox
   \\    /   O peration     | Website:  https://openfoam.org
    \\  /    A nd           | Version:  12
     \\/     M anipulation  |
\*---------------------------------------------------------------------------*/
FoamFile
{
    format      ascii;
    class       labelList;
    location    "constant/polyMesh";
    object      cellProcAddressing;
}
// * * * * * * * * * * * * * * * * * * * * * * * * * * * * * * * * * * * * * //


2688
(
336
337
338
339
340
341
342
343
352
353
354
355
356
357
358
359
368
369
370
371
372
373
374
375
384
385
386
387
388
389
390
391
400
401
402
403
404
405
406
407
416
417
418
419
420
421
422
423
432
433
434
435
436
437
438
439
448
449
450
451
452
453
454
455
464
465
466
467
468
469
470
471
480
481
482
483
484
485
486
487
496
497
498
499
500
501
502
503
512
513
514
515
516
517
518
519
528
529
530
531
532
533
534
535
544
545
546
547
548
549
550
551
560
561
562
563
564
565
566
567
576
577
578
579
580
581
582
583
592
593
594
595
596
597
598
599
608
609
610
611
612
613
614
615
624
625
626
627
628
629
630
631
640
641
642
643
644
645
646
647
656
657
658
659
660
661
662
663
1008
1009
1010
1011
1012
1013
1014
1015
1024
1025
1026
1027
1028
1029
1030
1031
1040
1041
1042
1043
1044
1045
1046
1047
1056
1057
1058
1059
1060
1061
1062
1063
1072
1073
1074
1075
1076
1077
1078
1079
1088
1089
1090
1091
1092
1093
1094
1095
1104
1105
1106
1107
1108
1109
1110
1111
1120
1121
1122
1123
1124
1125
1126
1127
1136
1137
1138
1139
1140
1141
1142
1143
1152
1153
1154
1155
1156
1157
1158
1159
1168
1169
1170
1171
1172
1173
1174
1175
1184
1185
1186
1187
1188
1189
1190
1191
1200
1201
1202
1203
1204
1205
1206
1207
1216
1217
1218
1219
1220
1221
1222
1223
1232
1233
1234
1235
1236
1237
1238
1239
1248
1249
1250
1251
1252
1253
1254
1255
1264
1265
1266
1267
1268
1269
1270
1271
1280
1281
1282
1283
1284
1285
1286
1287
1296
1297
1298
1299
1300
1301
1302
1303
1312
1313
1314
1315
1316
1317
1318
1319
1328
1329
1330
1331
1332
1333
1334
1335
1680
1681
1682
1683
1684
1685
1686
1687
1696
1697
1698
1699
1700
1701
1702
1703
1712
1713
1714
1715
1716
1717
1718
1719
1728
1729
1730
1731
1732
1733
1734
1735
1744
1745
1746
1747
1748
1749
1750
1751
1760
1761
1762
1763
1764
1765
1766
1767
1776
1777
1778
1779
1780
1781
1782
1783
1792
1793
1794
1795
1796
1797
1798
1799
1808
1809
1810
1811
1812
1813
1814
1815
1824
1825
1826
1827
1828
1829
1830
1831
1840
1841
1842
1843
1844
1845
1846
1847
1856
1857
1858
1859
1860
1861
1862
1863
1872
1873
1874
1875
1876
1877
1878
1879
1888
1889
1890
1891
1892
1893
1894
1895
1904
1905
1906
1907
1908
1909
1910
1911
1920
1921
1922
1923
1924
1925
1926
1927
1936
1937
1938
1939
1940
1941
1942
1943
1952
1953
1954
1955
1956
1957
1958
1959
1968
1969
1970
1971
1972
1973
1974
1975
1984
1985
1986
1987
1988
1989
1990
1991
2000
2001
2002
2003
2004
2005
2006
2007
2352
2353
2354
2355
2356
2357
2358
2359
2368
2369
2370
2371
2372
2373
2374
2375
2384
2385
2386
2387
2388
2389
2390
2391
2400
2401
2402
2403
2404
2405
2406
2407
2416
2417
2418
2419
2420
2421
2422
2423
2432
2433
2434
2435
2436
2437
2438
2439
2448
2449
2450
2451
2452
2453
2454
2455
2464
2465
2466
2467
2468
2469
2470
2471
2480
2481
2482
2483
2484
2485
2486
2487
2496
2497
2498
2499
2500
2501
2502
2503
2512
2513
2514
2515
2516
2517
2518
2519
2528
2529
2530
2531
2532
2533
2534
2535
2544
2545
2546
2547
2548
2549
2550
2551
2560
2561
2562
2563
2564
2565
2566
2567
2576
2577
2578
2579
2580
2581
2582
2583
2592
2593
2594
2595
2596
2597
2598
2599
2608
2609
2610
2611
2612
2613
2614
2615
2624
2625
2626
2627
2628
2629
2630
2631
2640
2641
2642
2643
2644
2645
2646
2647
2656
2657
2658
2659
2660
2661
2662
2663
2672
2673
2674
2675
2676
2677
2678
2679
3024
3025
3026
3027
3028
3029
3030
3031
3040
3041
3042
3043
3044
3045
3046
3047
3056
3057
3058
3059
3060
3061
3062
3063
3072
3073
3074
3075
3076
3077
3078
3079
3088
3089
3090
3091
3092
3093
3094
3095
3104
3105
3106
3107
3108
3109
3110
3111
3120
3121
3122
3123
3124
3125
3126
3127
3136
3137
3138
3139
3140
3141
3142
3143
3152
3153
3154
3155
3156
3157
3158
3159
3168
3169
3170
3171
3172
3173
3174
3175
3184
3185
3186
3187
3188
3189
3190
3191
3200
3201
3202
3203
3204
3205
3206
3207
3216
3217
3218
3219
3220
3221
3222
3223
3232
3233
3234
3235
3236
3237
3238
3239
3248
3249
3250
3251
3252
3253
3254
3255
3264
3265
3266
3267
3268
3269
3270
3271
3280
3281
3282
3283
3284
3285
3286
3287
3296
3297
3298
3299
3300
3301
3302
3303
3312
3313
3314
3315
3316
3317
3318
3319
3328
3329
3330
3331
3332
3333
3334
3335
3344
3345
3346
3347
3348
3349
3350
3351
3696
3697
3698
3699
3700
3701
3702
3703
3712
3713
3714
3715
3716
3717
3718
3719
3728
3729
3730
3731
3732
3733
3734
3735
3744
3745
3746
3747
3748
3749
3750
3751
3760
3761
3762
3763
3764
3765
3766
3767
3776
3777
3778
3779
3780
3781
3782
3783
3792
3793
3794
3795
3796
3797
3798
3799
3808
3809
3810
3811
3812
3813
3814
3815
3824
3825
3826
3827
3828
3829
3830
3831
3840
3841
3842
3843
3844
3845
3846
3847
3856
3857
3858
3859
3860
3861
3862
3863
3872
3873
3874
3875
3876
3877
3878
3879
3888
3889
3890
3891
3892
3893
3894
3895
3904
3905
3906
3907
3908
3909
3910
3911
3920
3921
3922
3923
3924
3925
3926
3927
3936
3937
3938
3939
3940
3941
3942
3943
3952
3953
3954
3955
3956
3957
3958
3959
3968
3969
3970
3971
3972
3973
3974
3975
3984
3985
3986
3987
3988
3989
3990
3991
4000
4001
4002
4003
4004
4005
4006
4007
4016
4017
4018
4019
4020
4021
4022
4023
4368
4369
4370
4371
4372
4373
4374
4375
4384
4385
4386
4387
4388
4389
4390
4391
4400
4401
4402
4403
4404
4405
4406
4407
4416
4417
4418
4419
4420
4421
4422
4423
4432
4433
4434
4435
4436
4437
4438
4439
4448
4449
4450
4451
4452
4453
4454
4455
4464
4465
4466
4467
4468
4469
4470
4471
4480
4481
4482
4483
4484
4485
4486
4487
4496
4497
4498
4499
4500
4501
4502
4503
4512
4513
4514
4515
4516
4517
4518
4519
4528
4529
4530
4531
4532
4533
4534
4535
4544
4545
4546
4547
4548
4549
4550
4551
4560
4561
4562
4563
4564
4565
4566
4567
4576
4577
4578
4579
4580
4581
4582
4583
4592
4593
4594
4595
4596
4597
4598
4599
4608
4609
4610
4611
4612
4613
4614
4615
4624
4625
4626
4627
4628
4629
4630
4631
4640
4641
4642
4643
4644
4645
4646
4647
4656
4657
4658
4659
4660
4661
4662
4663
4672
4673
4674
4675
4676
4677
4678
4679
4688
4689
4690
4691
4692
4693
4694
4695
5040
5041
5042
5043
5044
5045
5046
5047
5056
5057
5058
5059
5060
5061
5062
5063
5072
5073
5074
5075
5076
5077
5078
5079
5088
5089
5090
5091
5092
5093
5094
5095
5104
5105
5106
5107
5108
5109
5110
5111
5120
5121
5122
5123
5124
5125
5126
5127
5136
5137
5138
5139
5140
5141
5142
5143
5152
5153
5154
5155
5156
5157
5158
5159
5168
5169
5170
5171
5172
5173
5174
5175
5184
5185
5186
5187
5188
5189
5190
5191
5200
5201
5202
5203
5204
5205
5206
5207
5216
5217
5218
5219
5220
5221
5222
5223
5232
5233
5234
5235
5236
5237
5238
5239
5248
5249
5250
5251
5252
5253
5254
5255
5264
5265
5266
5267
5268
5269
5270
5271
5280
5281
5282
5283
5284
5285
5286
5287
5296
5297
5298
5299
5300
5301
5302
5303
5312
5313
5314
5315
5316
5317
5318
5319
5328
5329
5330
5331
5332
5333
5334
5335
5344
5345
5346
5347
5348
5349
5350
5351
5360
5361
5362
5363
5364
5365
5366
5367
5712
5713
5714
5715
5716
5717
5718
5719
5728
5729
5730
5731
5732
5733
5734
5735
5744
5745
5746
5747
5748
5749
5750
5751
5760
5761
5762
5763
5764
5765
5766
5767
5776
5777
5778
5779
5780
5781
5782
5783
5792
5793
5794
5795
5796
5797
5798
5799
5808
5809
5810
5811
5812
5813
5814
5815
5824
5825
5826
5827
5828
5829
5830
5831
5840
5841
5842
5843
5844
5845
5846
5847
5856
5857
5858
5859
5860
5861
5862
5863
5872
5873
5874
5875
5876
5877
5878
5879
5888
5889
5890
5891
5892
5893
5894
5895
5904
5905
5906
5907
5908
5909
5910
5911
5920
5921
5922
5923
5924
5925
5926
5927
5936
5937
5938
5939
5940
5941
5942
5943
5952
5953
5954
5955
5956
5957
5958
5959
5968
5969
5970
5971
5972
5973
5974
5975
5984
5985
5986
5987
5988
5989
5990
5991
6000
6001
6002
6003
6004
6005
6006
6007
6016
6017
6018
6019
6020
6021
6022
6023
6032
6033
6034
6035
6036
6037
6038
6039
6384
6385
6386
6387
6388
6389
6390
6391
6400
6401
6402
6403
6404
6405
6406
6407
6416
6417
6418
6419
6420
6421
6422
6423
6432
6433
6434
6435
6436
6437
6438
6439
6448
6449
6450
6451
6452
6453
6454
6455
6464
6465
6466
6467
6468
6469
6470
6471
6480
6481
6482
6483
6484
6485
6486
6487
6496
6497
6498
6499
6500
6501
6502
6503
6512
6513
6514
6515
6516
6517
6518
6519
6528
6529
6530
6531
6532
6533
6534
6535
6544
6545
6546
6547
6548
6549
6550
6551
6560
6561
6562
6563
6564
6565
6566
6567
6576
6577
6578
6579
6580
6581
6582
6583
6592
6593
6594
6595
6596
6597
6598
6599
6608
6609
6610
6611
6612
6613
6614
6615
6624
6625
6626
6627
6628
6629
6630
6631
6640
6641
6642
6643
6644
6645
6646
6647
6656
6657
6658
6659
6660
6661
6662
6663
6672
6673
6674
6675
6676
6677
6678
6679
6688
6689
6690
6691
6692
6693
6694
6695
6704
6705
6706
6707
6708
6709
6710
6711
7056
7057
7058
7059
7060
7061
7062
7063
7072
7073
7074
7075
7076
7077
7078
7079
7088
7089
7090
7091
7092
7093
7094
7095
7104
7105
7106
7107
7108
7109
7110
7111
7120
7121
7122
7123
7124
7125
7126
7127
7136
7137
7138
7139
7140
7141
7142
7143
7152
7153
7154
7155
7156
7157
7158
7159
7168
7169
7170
7171
7172
7173
7174
7175
7184
7185
7186
7187
7188
7189
7190
7191
7200
7201
7202
7203
7204
7205
7206
7207
7216
7217
7218
7219
7220
7221
7222
7223
7232
7233
7234
7235
7236
7237
7238
7239
7248
7249
7250
7251
7252
7253
7254
7255
7264
7265
7266
7267
7268
7269
7270
7271
7280
7281
7282
7283
7284
7285
7286
7287
7296
7297
7298
7299
7300
7301
7302
7303
7312
7313
7314
7315
7316
7317
7318
7319
7328
7329
7330
7331
7332
7333
7334
7335
7344
7345
7346
7347
7348
7349
7350
7351
7360
7361
7362
7363
7364
7365
7366
7367
7376
7377
7378
7379
7380
7381
7382
7383
7728
7729
7730
7731
7732
7733
7734
7735
7744
7745
7746
7747
7748
7749
7750
7751
7760
7761
7762
7763
7764
7765
7766
7767
7776
7777
7778
7779
7780
7781
7782
7783
7792
7793
7794
7795
7796
7797
7798
7799
7808
7809
7810
7811
7812
7813
7814
7815
7824
7825
7826
7827
7828
7829
7830
7831
7840
7841
7842
7843
7844
7845
7846
7847
7856
7857
7858
7859
7860
7861
7862
7863
7872
7873
7874
7875
7876
7877
7878
7879
7888
7889
7890
7891
7892
7893
7894
7895
7904
7905
7906
7907
7908
7909
7910
7911
7920
7921
7922
7923
7924
7925
7926
7927
7936
7937
7938
7939
7940
7941
7942
7943
7952
7953
7954
7955
7956
7957
7958
7959
7968
7969
7970
7971
7972
7973
7974
7975
7984
7985
7986
7987
7988
7989
7990
7991
8000
8001
8002
8003
8004
8005
8006
8007
8016
8017
8018
8019
8020
8021
8022
8023
8032
8033
8034
8035
8036
8037
8038
8039
8048
8049
8050
8051
8052
8053
8054
8055
8400
8401
8402
8403
8404
8405
8406
8407
8416
8417
8418
8419
8420
8421
8422
8423
8432
8433
8434
8435
8436
8437
8438
8439
8448
8449
8450
8451
8452
8453
8454
8455
8464
8465
8466
8467
8468
8469
8470
8471
8480
8481
8482
8483
8484
8485
8486
8487
8496
8497
8498
8499
8500
8501
8502
8503
8512
8513
8514
8515
8516
8517
8518
8519
8528
8529
8530
8531
8532
8533
8534
8535
8544
8545
8546
8547
8548
8549
8550
8551
8560
8561
8562
8563
8564
8565
8566
8567
8576
8577
8578
8579
8580
8581
8582
8583
8592
8593
8594
8595
8596
8597
8598
8599
8608
8609
8610
8611
8612
8613
8614
8615
8624
8625
8626
8627
8628
8629
8630
8631
8640
8641
8642
8643
8644
8645
8646
8647
8656
8657
8658
8659
8660
8661
8662
8663
8672
8673
8674
8675
8676
8677
8678
8679
8688
8689
8690
8691
8692
8693
8694
8695
8704
8705
8706
8707
8708
8709
8710
8711
8720
8721
8722
8723
8724
8725
8726
8727
9072
9073
9074
9075
9076
9077
9078
9079
9088
9089
9090
9091
9092
9093
9094
9095
9104
9105
9106
9107
9108
9109
9110
9111
9120
9121
9122
9123
9124
9125
9126
9127
9136
9137
9138
9139
9140
9141
9142
9143
9152
9153
9154
9155
9156
9157
9158
9159
9168
9169
9170
9171
9172
9173
9174
9175
9184
9185
9186
9187
9188
9189
9190
9191
9200
9201
9202
9203
9204
9205
9206
9207
9216
9217
9218
9219
9220
9221
9222
9223
9232
9233
9234
9235
9236
9237
9238
9239
9248
9249
9250
9251
9252
9253
9254
9255
9264
9265
9266
9267
9268
9269
9270
9271
9280
9281
9282
9283
9284
9285
9286
9287
9296
9297
9298
9299
9300
9301
9302
9303
9312
9313
9314
9315
9316
9317
9318
9319
9328
9329
9330
9331
9332
9333
9334
9335
9344
9345
9346
9347
9348
9349
9350
9351
9360
9361
9362
9363
9364
9365
9366
9367
9376
9377
9378
9379
9380
9381
9382
9383
9392
9393
9394
9395
9396
9397
9398
9399
9744
9745
9746
9747
9748
9749
9750
9751
9760
9761
9762
9763
9764
9765
9766
9767
9776
9777
9778
9779
9780
9781
9782
9783
9792
9793
9794
9795
9796
9797
9798
9799
9808
9809
9810
9811
9812
9813
9814
9815
9824
9825
9826
9827
9828
9829
9830
9831
9840
9841
9842
9843
9844
9845
9846
9847
9856
9857
9858
9859
9860
9861
9862
9863
9872
9873
9874
9875
9876
9877
9878
9879
9888
9889
9890
9891
9892
9893
9894
9895
9904
9905
9906
9907
9908
9909
9910
9911
9920
9921
9922
9923
9924
9925
9926
9927
9936
9937
9938
9939
9940
9941
9942
9943
9952
9953
9954
9955
9956
9957
9958
9959
9968
9969
9970
9971
9972
9973
9974
9975
9984
9985
9986
9987
9988
9989
9990
9991
10000
10001
10002
10003
10004
10005
10006
10007
10016
10017
10018
10019
10020
10021
10022
10023
10032
10033
10034
10035
10036
10037
10038
10039
10048
10049
10050
10051
10052
10053
10054
10055
10064
10065
10066
10067
10068
10069
10070
10071
10416
10417
10418
10419
10420
10421
10422
10423
10432
10433
10434
10435
10436
10437
10438
10439
10448
10449
10450
10451
10452
10453
10454
10455
10464
10465
10466
10467
10468
10469
10470
10471
10480
10481
10482
10483
10484
10485
10486
10487
10496
10497
10498
10499
10500
10501
10502
10503
10512
10513
10514
10515
10516
10517
10518
10519
10528
10529
10530
10531
10532
10533
10534
10535
10544
10545
10546
10547
10548
10549
10550
10551
10560
10561
10562
10563
10564
10565
10566
10567
10576
10577
10578
10579
10580
10581
10582
10583
10592
10593
10594
10595
10596
10597
10598
10599
10608
10609
10610
10611
10612
10613
10614
10615
10624
10625
10626
10627
10628
10629
10630
10631
10640
10641
10642
10643
10644
10645
10646
10647
10656
10657
10658
10659
10660
10661
10662
10663
10672
10673
10674
10675
10676
10677
10678
10679
10688
10689
10690
10691
10692
10693
10694
10695
10704
10705
10706
10707
10708
10709
10710
10711
10720
10721
10722
10723
10724
10725
10726
10727
10736
10737
10738
10739
10740
10741
10742
10743
)


// ************************************************************************* //
