/*--------------------------------*- C++ -*----------------------------------*\
  =========                 |
  \\      /  F ield         | OpenFOAM: The Open Source CFD Toolbox
   \\    /   O peration     | Website:  https://openfoam.org
    \\  /    A nd           | Version:  12
     \\/     M anipulation  |
\*---------------------------------------------------------------------------*/
FoamFile
{
    format      ascii;
    class       labelList;
    location    "constant/polyMesh";
    object      pointProcAddressing;
}
// * * * * * * * * * * * * * * * * * * * * * * * * * * * * * * * * * * * * * //


3366
(
357
358
359
360
361
362
363
364
365
374
375
376
377
378
379
380
381
382
391
392
393
394
395
396
397
398
399
408
409
410
411
412
413
414
415
416
425
426
427
428
429
430
431
432
433
442
443
444
445
446
447
448
449
450
459
460
461
462
463
464
465
466
467
476
477
478
479
480
481
482
483
484
493
494
495
496
497
498
499
500
501
510
511
512
513
514
515
516
517
518
527
528
529
530
531
532
533
534
535
544
545
546
547
548
549
550
551
552
561
562
563
564
565
566
567
568
569
578
579
580
581
582
583
584
585
586
595
596
597
598
599
600
601
602
603
612
613
614
615
616
617
618
619
620
629
630
631
632
633
634
635
636
637
646
647
648
649
650
651
652
653
654
663
664
665
666
667
668
669
670
671
680
681
682
683
684
685
686
687
688
697
698
699
700
701
702
703
704
705
714
715
716
717
718
719
720
721
722
1088
1089
1090
1091
1092
1093
1094
1095
1096
1105
1106
1107
1108
1109
1110
1111
1112
1113
1122
1123
1124
1125
1126
1127
1128
1129
1130
1139
1140
1141
1142
1143
1144
1145
1146
1147
1156
1157
1158
1159
1160
1161
1162
1163
1164
1173
1174
1175
1176
1177
1178
1179
1180
1181
1190
1191
1192
1193
1194
1195
1196
1197
1198
1207
1208
1209
1210
1211
1212
1213
1214
1215
1224
1225
1226
1227
1228
1229
1230
1231
1232
1241
1242
1243
1244
1245
1246
1247
1248
1249
1258
1259
1260
1261
1262
1263
1264
1265
1266
1275
1276
1277
1278
1279
1280
1281
1282
1283
1292
1293
1294
1295
1296
1297
1298
1299
1300
1309
1310
1311
1312
1313
1314
1315
1316
1317
1326
1327
1328
1329
1330
1331
1332
1333
1334
1343
1344
1345
1346
1347
1348
1349
1350
1351
1360
1361
1362
1363
1364
1365
1366
1367
1368
1377
1378
1379
1380
1381
1382
1383
1384
1385
1394
1395
1396
1397
1398
1399
1400
1401
1402
1411
1412
1413
1414
1415
1416
1417
1418
1419
1428
1429
1430
1431
1432
1433
1434
1435
1436
1445
1446
1447
1448
1449
1450
1451
1452
1453
1819
1820
1821
1822
1823
1824
1825
1826
1827
1836
1837
1838
1839
1840
1841
1842
1843
1844
1853
1854
1855
1856
1857
1858
1859
1860
1861
1870
1871
1872
1873
1874
1875
1876
1877
1878
1887
1888
1889
1890
1891
1892
1893
1894
1895
1904
1905
1906
1907
1908
1909
1910
1911
1912
1921
1922
1923
1924
1925
1926
1927
1928
1929
1938
1939
1940
1941
1942
1943
1944
1945
1946
1955
1956
1957
1958
1959
1960
1961
1962
1963
1972
1973
1974
1975
1976
1977
1978
1979
1980
1989
1990
1991
1992
1993
1994
1995
1996
1997
2006
2007
2008
2009
2010
2011
2012
2013
2014
2023
2024
2025
2026
2027
2028
2029
2030
2031
2040
2041
2042
2043
2044
2045
2046
2047
2048
2057
2058
2059
2060
2061
2062
2063
2064
2065
2074
2075
2076
2077
2078
2079
2080
2081
2082
2091
2092
2093
2094
2095
2096
2097
2098
2099
2108
2109
2110
2111
2112
2113
2114
2115
2116
2125
2126
2127
2128
2129
2130
2131
2132
2133
2142
2143
2144
2145
2146
2147
2148
2149
2150
2159
2160
2161
2162
2163
2164
2165
2166
2167
2176
2177
2178
2179
2180
2181
2182
2183
2184
2550
2551
2552
2553
2554
2555
2556
2557
2558
2567
2568
2569
2570
2571
2572
2573
2574
2575
2584
2585
2586
2587
2588
2589
2590
2591
2592
2601
2602
2603
2604
2605
2606
2607
2608
2609
2618
2619
2620
2621
2622
2623
2624
2625
2626
2635
2636
2637
2638
2639
2640
2641
2642
2643
2652
2653
2654
2655
2656
2657
2658
2659
2660
2669
2670
2671
2672
2673
2674
2675
2676
2677
2686
2687
2688
2689
2690
2691
2692
2693
2694
2703
2704
2705
2706
2707
2708
2709
2710
2711
2720
2721
2722
2723
2724
2725
2726
2727
2728
2737
2738
2739
2740
2741
2742
2743
2744
2745
2754
2755
2756
2757
2758
2759
2760
2761
2762
2771
2772
2773
2774
2775
2776
2777
2778
2779
2788
2789
2790
2791
2792
2793
2794
2795
2796
2805
2806
2807
2808
2809
2810
2811
2812
2813
2822
2823
2824
2825
2826
2827
2828
2829
2830
2839
2840
2841
2842
2843
2844
2845
2846
2847
2856
2857
2858
2859
2860
2861
2862
2863
2864
2873
2874
2875
2876
2877
2878
2879
2880
2881
2890
2891
2892
2893
2894
2895
2896
2897
2898
2907
2908
2909
2910
2911
2912
2913
2914
2915
3281
3282
3283
3284
3285
3286
3287
3288
3289
3298
3299
3300
3301
3302
3303
3304
3305
3306
3315
3316
3317
3318
3319
3320
3321
3322
3323
3332
3333
3334
3335
3336
3337
3338
3339
3340
3349
3350
3351
3352
3353
3354
3355
3356
3357
3366
3367
3368
3369
3370
3371
3372
3373
3374
3383
3384
3385
3386
3387
3388
3389
3390
3391
3400
3401
3402
3403
3404
3405
3406
3407
3408
3417
3418
3419
3420
3421
3422
3423
3424
3425
3434
3435
3436
3437
3438
3439
3440
3441
3442
3451
3452
3453
3454
3455
3456
3457
3458
3459
3468
3469
3470
3471
3472
3473
3474
3475
3476
3485
3486
3487
3488
3489
3490
3491
3492
3493
3502
3503
3504
3505
3506
3507
3508
3509
3510
3519
3520
3521
3522
3523
3524
3525
3526
3527
3536
3537
3538
3539
3540
3541
3542
3543
3544
3553
3554
3555
3556
3557
3558
3559
3560
3561
3570
3571
3572
3573
3574
3575
3576
3577
3578
3587
3588
3589
3590
3591
3592
3593
3594
3595
3604
3605
3606
3607
3608
3609
3610
3611
3612
3621
3622
3623
3624
3625
3626
3627
3628
3629
3638
3639
3640
3641
3642
3643
3644
3645
3646
4012
4013
4014
4015
4016
4017
4018
4019
4020
4029
4030
4031
4032
4033
4034
4035
4036
4037
4046
4047
4048
4049
4050
4051
4052
4053
4054
4063
4064
4065
4066
4067
4068
4069
4070
4071
4080
4081
4082
4083
4084
4085
4086
4087
4088
4097
4098
4099
4100
4101
4102
4103
4104
4105
4114
4115
4116
4117
4118
4119
4120
4121
4122
4131
4132
4133
4134
4135
4136
4137
4138
4139
4148
4149
4150
4151
4152
4153
4154
4155
4156
4165
4166
4167
4168
4169
4170
4171
4172
4173
4182
4183
4184
4185
4186
4187
4188
4189
4190
4199
4200
4201
4202
4203
4204
4205
4206
4207
4216
4217
4218
4219
4220
4221
4222
4223
4224
4233
4234
4235
4236
4237
4238
4239
4240
4241
4250
4251
4252
4253
4254
4255
4256
4257
4258
4267
4268
4269
4270
4271
4272
4273
4274
4275
4284
4285
4286
4287
4288
4289
4290
4291
4292
4301
4302
4303
4304
4305
4306
4307
4308
4309
4318
4319
4320
4321
4322
4323
4324
4325
4326
4335
4336
4337
4338
4339
4340
4341
4342
4343
4352
4353
4354
4355
4356
4357
4358
4359
4360
4369
4370
4371
4372
4373
4374
4375
4376
4377
4743
4744
4745
4746
4747
4748
4749
4750
4751
4760
4761
4762
4763
4764
4765
4766
4767
4768
4777
4778
4779
4780
4781
4782
4783
4784
4785
4794
4795
4796
4797
4798
4799
4800
4801
4802
4811
4812
4813
4814
4815
4816
4817
4818
4819
4828
4829
4830
4831
4832
4833
4834
4835
4836
4845
4846
4847
4848
4849
4850
4851
4852
4853
4862
4863
4864
4865
4866
4867
4868
4869
4870
4879
4880
4881
4882
4883
4884
4885
4886
4887
4896
4897
4898
4899
4900
4901
4902
4903
4904
4913
4914
4915
4916
4917
4918
4919
4920
4921
4930
4931
4932
4933
4934
4935
4936
4937
4938
4947
4948
4949
4950
4951
4952
4953
4954
4955
4964
4965
4966
4967
4968
4969
4970
4971
4972
4981
4982
4983
4984
4985
4986
4987
4988
4989
4998
4999
5000
5001
5002
5003
5004
5005
5006
5015
5016
5017
5018
5019
5020
5021
5022
5023
5032
5033
5034
5035
5036
5037
5038
5039
5040
5049
5050
5051
5052
5053
5054
5055
5056
5057
5066
5067
5068
5069
5070
5071
5072
5073
5074
5083
5084
5085
5086
5087
5088
5089
5090
5091
5100
5101
5102
5103
5104
5105
5106
5107
5108
5474
5475
5476
5477
5478
5479
5480
5481
5482
5491
5492
5493
5494
5495
5496
5497
5498
5499
5508
5509
5510
5511
5512
5513
5514
5515
5516
5525
5526
5527
5528
5529
5530
5531
5532
5533
5542
5543
5544
5545
5546
5547
5548
5549
5550
5559
5560
5561
5562
5563
5564
5565
5566
5567
5576
5577
5578
5579
5580
5581
5582
5583
5584
5593
5594
5595
5596
5597
5598
5599
5600
5601
5610
5611
5612
5613
5614
5615
5616
5617
5618
5627
5628
5629
5630
5631
5632
5633
5634
5635
5644
5645
5646
5647
5648
5649
5650
5651
5652
5661
5662
5663
5664
5665
5666
5667
5668
5669
5678
5679
5680
5681
5682
5683
5684
5685
5686
5695
5696
5697
5698
5699
5700
5701
5702
5703
5712
5713
5714
5715
5716
5717
5718
5719
5720
5729
5730
5731
5732
5733
5734
5735
5736
5737
5746
5747
5748
5749
5750
5751
5752
5753
5754
5763
5764
5765
5766
5767
5768
5769
5770
5771
5780
5781
5782
5783
5784
5785
5786
5787
5788
5797
5798
5799
5800
5801
5802
5803
5804
5805
5814
5815
5816
5817
5818
5819
5820
5821
5822
5831
5832
5833
5834
5835
5836
5837
5838
5839
6205
6206
6207
6208
6209
6210
6211
6212
6213
6222
6223
6224
6225
6226
6227
6228
6229
6230
6239
6240
6241
6242
6243
6244
6245
6246
6247
6256
6257
6258
6259
6260
6261
6262
6263
6264
6273
6274
6275
6276
6277
6278
6279
6280
6281
6290
6291
6292
6293
6294
6295
6296
6297
6298
6307
6308
6309
6310
6311
6312
6313
6314
6315
6324
6325
6326
6327
6328
6329
6330
6331
6332
6341
6342
6343
6344
6345
6346
6347
6348
6349
6358
6359
6360
6361
6362
6363
6364
6365
6366
6375
6376
6377
6378
6379
6380
6381
6382
6383
6392
6393
6394
6395
6396
6397
6398
6399
6400
6409
6410
6411
6412
6413
6414
6415
6416
6417
6426
6427
6428
6429
6430
6431
6432
6433
6434
6443
6444
6445
6446
6447
6448
6449
6450
6451
6460
6461
6462
6463
6464
6465
6466
6467
6468
6477
6478
6479
6480
6481
6482
6483
6484
6485
6494
6495
6496
6497
6498
6499
6500
6501
6502
6511
6512
6513
6514
6515
6516
6517
6518
6519
6528
6529
6530
6531
6532
6533
6534
6535
6536
6545
6546
6547
6548
6549
6550
6551
6552
6553
6562
6563
6564
6565
6566
6567
6568
6569
6570
6936
6937
6938
6939
6940
6941
6942
6943
6944
6953
6954
6955
6956
6957
6958
6959
6960
6961
6970
6971
6972
6973
6974
6975
6976
6977
6978
6987
6988
6989
6990
6991
6992
6993
6994
6995
7004
7005
7006
7007
7008
7009
7010
7011
7012
7021
7022
7023
7024
7025
7026
7027
7028
7029
7038
7039
7040
7041
7042
7043
7044
7045
7046
7055
7056
7057
7058
7059
7060
7061
7062
7063
7072
7073
7074
7075
7076
7077
7078
7079
7080
7089
7090
7091
7092
7093
7094
7095
7096
7097
7106
7107
7108
7109
7110
7111
7112
7113
7114
7123
7124
7125
7126
7127
7128
7129
7130
7131
7140
7141
7142
7143
7144
7145
7146
7147
7148
7157
7158
7159
7160
7161
7162
7163
7164
7165
7174
7175
7176
7177
7178
7179
7180
7181
7182
7191
7192
7193
7194
7195
7196
7197
7198
7199
7208
7209
7210
7211
7212
7213
7214
7215
7216
7225
7226
7227
7228
7229
7230
7231
7232
7233
7242
7243
7244
7245
7246
7247
7248
7249
7250
7259
7260
7261
7262
7263
7264
7265
7266
7267
7276
7277
7278
7279
7280
7281
7282
7283
7284
7293
7294
7295
7296
7297
7298
7299
7300
7301
7667
7668
7669
7670
7671
7672
7673
7674
7675
7684
7685
7686
7687
7688
7689
7690
7691
7692
7701
7702
7703
7704
7705
7706
7707
7708
7709
7718
7719
7720
7721
7722
7723
7724
7725
7726
7735
7736
7737
7738
7739
7740
7741
7742
7743
7752
7753
7754
7755
7756
7757
7758
7759
7760
7769
7770
7771
7772
7773
7774
7775
7776
7777
7786
7787
7788
7789
7790
7791
7792
7793
7794
7803
7804
7805
7806
7807
7808
7809
7810
7811
7820
7821
7822
7823
7824
7825
7826
7827
7828
7837
7838
7839
7840
7841
7842
7843
7844
7845
7854
7855
7856
7857
7858
7859
7860
7861
7862
7871
7872
7873
7874
7875
7876
7877
7878
7879
7888
7889
7890
7891
7892
7893
7894
7895
7896
7905
7906
7907
7908
7909
7910
7911
7912
7913
7922
7923
7924
7925
7926
7927
7928
7929
7930
7939
7940
7941
7942
7943
7944
7945
7946
7947
7956
7957
7958
7959
7960
7961
7962
7963
7964
7973
7974
7975
7976
7977
7978
7979
7980
7981
7990
7991
7992
7993
7994
7995
7996
7997
7998
8007
8008
8009
8010
8011
8012
8013
8014
8015
8024
8025
8026
8027
8028
8029
8030
8031
8032
8398
8399
8400
8401
8402
8403
8404
8405
8406
8415
8416
8417
8418
8419
8420
8421
8422
8423
8432
8433
8434
8435
8436
8437
8438
8439
8440
8449
8450
8451
8452
8453
8454
8455
8456
8457
8466
8467
8468
8469
8470
8471
8472
8473
8474
8483
8484
8485
8486
8487
8488
8489
8490
8491
8500
8501
8502
8503
8504
8505
8506
8507
8508
8517
8518
8519
8520
8521
8522
8523
8524
8525
8534
8535
8536
8537
8538
8539
8540
8541
8542
8551
8552
8553
8554
8555
8556
8557
8558
8559
8568
8569
8570
8571
8572
8573
8574
8575
8576
8585
8586
8587
8588
8589
8590
8591
8592
8593
8602
8603
8604
8605
8606
8607
8608
8609
8610
8619
8620
8621
8622
8623
8624
8625
8626
8627
8636
8637
8638
8639
8640
8641
8642
8643
8644
8653
8654
8655
8656
8657
8658
8659
8660
8661
8670
8671
8672
8673
8674
8675
8676
8677
8678
8687
8688
8689
8690
8691
8692
8693
8694
8695
8704
8705
8706
8707
8708
8709
8710
8711
8712
8721
8722
8723
8724
8725
8726
8727
8728
8729
8738
8739
8740
8741
8742
8743
8744
8745
8746
8755
8756
8757
8758
8759
8760
8761
8762
8763
9129
9130
9131
9132
9133
9134
9135
9136
9137
9146
9147
9148
9149
9150
9151
9152
9153
9154
9163
9164
9165
9166
9167
9168
9169
9170
9171
9180
9181
9182
9183
9184
9185
9186
9187
9188
9197
9198
9199
9200
9201
9202
9203
9204
9205
9214
9215
9216
9217
9218
9219
9220
9221
9222
9231
9232
9233
9234
9235
9236
9237
9238
9239
9248
9249
9250
9251
9252
9253
9254
9255
9256
9265
9266
9267
9268
9269
9270
9271
9272
9273
9282
9283
9284
9285
9286
9287
9288
9289
9290
9299
9300
9301
9302
9303
9304
9305
9306
9307
9316
9317
9318
9319
9320
9321
9322
9323
9324
9333
9334
9335
9336
9337
9338
9339
9340
9341
9350
9351
9352
9353
9354
9355
9356
9357
9358
9367
9368
9369
9370
9371
9372
9373
9374
9375
9384
9385
9386
9387
9388
9389
9390
9391
9392
9401
9402
9403
9404
9405
9406
9407
9408
9409
9418
9419
9420
9421
9422
9423
9424
9425
9426
9435
9436
9437
9438
9439
9440
9441
9442
9443
9452
9453
9454
9455
9456
9457
9458
9459
9460
9469
9470
9471
9472
9473
9474
9475
9476
9477
9486
9487
9488
9489
9490
9491
9492
9493
9494
9860
9861
9862
9863
9864
9865
9866
9867
9868
9877
9878
9879
9880
9881
9882
9883
9884
9885
9894
9895
9896
9897
9898
9899
9900
9901
9902
9911
9912
9913
9914
9915
9916
9917
9918
9919
9928
9929
9930
9931
9932
9933
9934
9935
9936
9945
9946
9947
9948
9949
9950
9951
9952
9953
9962
9963
9964
9965
9966
9967
9968
9969
9970
9979
9980
9981
9982
9983
9984
9985
9986
9987
9996
9997
9998
9999
10000
10001
10002
10003
10004
10013
10014
10015
10016
10017
10018
10019
10020
10021
10030
10031
10032
10033
10034
10035
10036
10037
10038
10047
10048
10049
10050
10051
10052
10053
10054
10055
10064
10065
10066
10067
10068
10069
10070
10071
10072
10081
10082
10083
10084
10085
10086
10087
10088
10089
10098
10099
10100
10101
10102
10103
10104
10105
10106
10115
10116
10117
10118
10119
10120
10121
10122
10123
10132
10133
10134
10135
10136
10137
10138
10139
10140
10149
10150
10151
10152
10153
10154
10155
10156
10157
10166
10167
10168
10169
10170
10171
10172
10173
10174
10183
10184
10185
10186
10187
10188
10189
10190
10191
10200
10201
10202
10203
10204
10205
10206
10207
10208
10217
10218
10219
10220
10221
10222
10223
10224
10225
10591
10592
10593
10594
10595
10596
10597
10598
10599
10608
10609
10610
10611
10612
10613
10614
10615
10616
10625
10626
10627
10628
10629
10630
10631
10632
10633
10642
10643
10644
10645
10646
10647
10648
10649
10650
10659
10660
10661
10662
10663
10664
10665
10666
10667
10676
10677
10678
10679
10680
10681
10682
10683
10684
10693
10694
10695
10696
10697
10698
10699
10700
10701
10710
10711
10712
10713
10714
10715
10716
10717
10718
10727
10728
10729
10730
10731
10732
10733
10734
10735
10744
10745
10746
10747
10748
10749
10750
10751
10752
10761
10762
10763
10764
10765
10766
10767
10768
10769
10778
10779
10780
10781
10782
10783
10784
10785
10786
10795
10796
10797
10798
10799
10800
10801
10802
10803
10812
10813
10814
10815
10816
10817
10818
10819
10820
10829
10830
10831
10832
10833
10834
10835
10836
10837
10846
10847
10848
10849
10850
10851
10852
10853
10854
10863
10864
10865
10866
10867
10868
10869
10870
10871
10880
10881
10882
10883
10884
10885
10886
10887
10888
10897
10898
10899
10900
10901
10902
10903
10904
10905
10914
10915
10916
10917
10918
10919
10920
10921
10922
10931
10932
10933
10934
10935
10936
10937
10938
10939
10948
10949
10950
10951
10952
10953
10954
10955
10956
11322
11323
11324
11325
11326
11327
11328
11329
11330
11339
11340
11341
11342
11343
11344
11345
11346
11347
11356
11357
11358
11359
11360
11361
11362
11363
11364
11373
11374
11375
11376
11377
11378
11379
11380
11381
11390
11391
11392
11393
11394
11395
11396
11397
11398
11407
11408
11409
11410
11411
11412
11413
11414
11415
11424
11425
11426
11427
11428
11429
11430
11431
11432
11441
11442
11443
11444
11445
11446
11447
11448
11449
11458
11459
11460
11461
11462
11463
11464
11465
11466
11475
11476
11477
11478
11479
11480
11481
11482
11483
11492
11493
11494
11495
11496
11497
11498
11499
11500
11509
11510
11511
11512
11513
11514
11515
11516
11517
11526
11527
11528
11529
11530
11531
11532
11533
11534
11543
11544
11545
11546
11547
11548
11549
11550
11551
11560
11561
11562
11563
11564
11565
11566
11567
11568
11577
11578
11579
11580
11581
11582
11583
11584
11585
11594
11595
11596
11597
11598
11599
11600
11601
11602
11611
11612
11613
11614
11615
11616
11617
11618
11619
11628
11629
11630
11631
11632
11633
11634
11635
11636
11645
11646
11647
11648
11649
11650
11651
11652
11653
11662
11663
11664
11665
11666
11667
11668
11669
11670
11679
11680
11681
11682
11683
11684
11685
11686
11687
12053
12054
12055
12056
12057
12058
12059
12060
12061
12070
12071
12072
12073
12074
12075
12076
12077
12078
12087
12088
12089
12090
12091
12092
12093
12094
12095
12104
12105
12106
12107
12108
12109
12110
12111
12112
12121
12122
12123
12124
12125
12126
12127
12128
12129
12138
12139
12140
12141
12142
12143
12144
12145
12146
12155
12156
12157
12158
12159
12160
12161
12162
12163
12172
12173
12174
12175
12176
12177
12178
12179
12180
12189
12190
12191
12192
12193
12194
12195
12196
12197
12206
12207
12208
12209
12210
12211
12212
12213
12214
12223
12224
12225
12226
12227
12228
12229
12230
12231
12240
12241
12242
12243
12244
12245
12246
12247
12248
12257
12258
12259
12260
12261
12262
12263
12264
12265
12274
12275
12276
12277
12278
12279
12280
12281
12282
12291
12292
12293
12294
12295
12296
12297
12298
12299
12308
12309
12310
12311
12312
12313
12314
12315
12316
12325
12326
12327
12328
12329
12330
12331
12332
12333
12342
12343
12344
12345
12346
12347
12348
12349
12350
12359
12360
12361
12362
12363
12364
12365
12366
12367
12376
12377
12378
12379
12380
12381
12382
12383
12384
12393
12394
12395
12396
12397
12398
12399
12400
12401
12410
12411
12412
12413
12414
12415
12416
12417
12418
)


// ************************************************************************* //
