/*--------------------------------*- C++ -*----------------------------------*\
  =========                 |
  \\      /  F ield         | OpenFOAM: The Open Source CFD Toolbox
   \\    /   O peration     | Website:  https://openfoam.org
    \\  /    A nd           | Version:  12
     \\/     M anipulation  |
\*---------------------------------------------------------------------------*/
FoamFile
{
    format      ascii;
    class       labelList;
    location    "constant/polyMesh";
    object      cellProcAddressing;
}
// * * * * * * * * * * * * * * * * * * * * * * * * * * * * * * * * * * * * * //


2688
(
0
1
2
3
4
5
6
7
16
17
18
19
20
21
22
23
32
33
34
35
36
37
38
39
48
49
50
51
52
53
54
55
64
65
66
67
68
69
70
71
80
81
82
83
84
85
86
87
96
97
98
99
100
101
102
103
112
113
114
115
116
117
118
119
128
129
130
131
132
133
134
135
144
145
146
147
148
149
150
151
160
161
162
163
164
165
166
167
176
177
178
179
180
181
182
183
192
193
194
195
196
197
198
199
208
209
210
211
212
213
214
215
224
225
226
227
228
229
230
231
240
241
242
243
244
245
246
247
256
257
258
259
260
261
262
263
272
273
274
275
276
277
278
279
288
289
290
291
292
293
294
295
304
305
306
307
308
309
310
311
320
321
322
323
324
325
326
327
672
673
674
675
676
677
678
679
688
689
690
691
692
693
694
695
704
705
706
707
708
709
710
711
720
721
722
723
724
725
726
727
736
737
738
739
740
741
742
743
752
753
754
755
756
757
758
759
768
769
770
771
772
773
774
775
784
785
786
787
788
789
790
791
800
801
802
803
804
805
806
807
816
817
818
819
820
821
822
823
832
833
834
835
836
837
838
839
848
849
850
851
852
853
854
855
864
865
866
867
868
869
870
871
880
881
882
883
884
885
886
887
896
897
898
899
900
901
902
903
912
913
914
915
916
917
918
919
928
929
930
931
932
933
934
935
944
945
946
947
948
949
950
951
960
961
962
963
964
965
966
967
976
977
978
979
980
981
982
983
992
993
994
995
996
997
998
999
1344
1345
1346
1347
1348
1349
1350
1351
1360
1361
1362
1363
1364
1365
1366
1367
1376
1377
1378
1379
1380
1381
1382
1383
1392
1393
1394
1395
1396
1397
1398
1399
1408
1409
1410
1411
1412
1413
1414
1415
1424
1425
1426
1427
1428
1429
1430
1431
1440
1441
1442
1443
1444
1445
1446
1447
1456
1457
1458
1459
1460
1461
1462
1463
1472
1473
1474
1475
1476
1477
1478
1479
1488
1489
1490
1491
1492
1493
1494
1495
1504
1505
1506
1507
1508
1509
1510
1511
1520
1521
1522
1523
1524
1525
1526
1527
1536
1537
1538
1539
1540
1541
1542
1543
1552
1553
1554
1555
1556
1557
1558
1559
1568
1569
1570
1571
1572
1573
1574
1575
1584
1585
1586
1587
1588
1589
1590
1591
1600
1601
1602
1603
1604
1605
1606
1607
1616
1617
1618
1619
1620
1621
1622
1623
1632
1633
1634
1635
1636
1637
1638
1639
1648
1649
1650
1651
1652
1653
1654
1655
1664
1665
1666
1667
1668
1669
1670
1671
2016
2017
2018
2019
2020
2021
2022
2023
2032
2033
2034
2035
2036
2037
2038
2039
2048
2049
2050
2051
2052
2053
2054
2055
2064
2065
2066
2067
2068
2069
2070
2071
2080
2081
2082
2083
2084
2085
2086
2087
2096
2097
2098
2099
2100
2101
2102
2103
2112
2113
2114
2115
2116
2117
2118
2119
2128
2129
2130
2131
2132
2133
2134
2135
2144
2145
2146
2147
2148
2149
2150
2151
2160
2161
2162
2163
2164
2165
2166
2167
2176
2177
2178
2179
2180
2181
2182
2183
2192
2193
2194
2195
2196
2197
2198
2199
2208
2209
2210
2211
2212
2213
2214
2215
2224
2225
2226
2227
2228
2229
2230
2231
2240
2241
2242
2243
2244
2245
2246
2247
2256
2257
2258
2259
2260
2261
2262
2263
2272
2273
2274
2275
2276
2277
2278
2279
2288
2289
2290
2291
2292
2293
2294
2295
2304
2305
2306
2307
2308
2309
2310
2311
2320
2321
2322
2323
2324
2325
2326
2327
2336
2337
2338
2339
2340
2341
2342
2343
2688
2689
2690
2691
2692
2693
2694
2695
2704
2705
2706
2707
2708
2709
2710
2711
2720
2721
2722
2723
2724
2725
2726
2727
2736
2737
2738
2739
2740
2741
2742
2743
2752
2753
2754
2755
2756
2757
2758
2759
2768
2769
2770
2771
2772
2773
2774
2775
2784
2785
2786
2787
2788
2789
2790
2791
2800
2801
2802
2803
2804
2805
2806
2807
2816
2817
2818
2819
2820
2821
2822
2823
2832
2833
2834
2835
2836
2837
2838
2839
2848
2849
2850
2851
2852
2853
2854
2855
2864
2865
2866
2867
2868
2869
2870
2871
2880
2881
2882
2883
2884
2885
2886
2887
2896
2897
2898
2899
2900
2901
2902
2903
2912
2913
2914
2915
2916
2917
2918
2919
2928
2929
2930
2931
2932
2933
2934
2935
2944
2945
2946
2947
2948
2949
2950
2951
2960
2961
2962
2963
2964
2965
2966
2967
2976
2977
2978
2979
2980
2981
2982
2983
2992
2993
2994
2995
2996
2997
2998
2999
3008
3009
3010
3011
3012
3013
3014
3015
3360
3361
3362
3363
3364
3365
3366
3367
3376
3377
3378
3379
3380
3381
3382
3383
3392
3393
3394
3395
3396
3397
3398
3399
3408
3409
3410
3411
3412
3413
3414
3415
3424
3425
3426
3427
3428
3429
3430
3431
3440
3441
3442
3443
3444
3445
3446
3447
3456
3457
3458
3459
3460
3461
3462
3463
3472
3473
3474
3475
3476
3477
3478
3479
3488
3489
3490
3491
3492
3493
3494
3495
3504
3505
3506
3507
3508
3509
3510
3511
3520
3521
3522
3523
3524
3525
3526
3527
3536
3537
3538
3539
3540
3541
3542
3543
3552
3553
3554
3555
3556
3557
3558
3559
3568
3569
3570
3571
3572
3573
3574
3575
3584
3585
3586
3587
3588
3589
3590
3591
3600
3601
3602
3603
3604
3605
3606
3607
3616
3617
3618
3619
3620
3621
3622
3623
3632
3633
3634
3635
3636
3637
3638
3639
3648
3649
3650
3651
3652
3653
3654
3655
3664
3665
3666
3667
3668
3669
3670
3671
3680
3681
3682
3683
3684
3685
3686
3687
4032
4033
4034
4035
4036
4037
4038
4039
4048
4049
4050
4051
4052
4053
4054
4055
4064
4065
4066
4067
4068
4069
4070
4071
4080
4081
4082
4083
4084
4085
4086
4087
4096
4097
4098
4099
4100
4101
4102
4103
4112
4113
4114
4115
4116
4117
4118
4119
4128
4129
4130
4131
4132
4133
4134
4135
4144
4145
4146
4147
4148
4149
4150
4151
4160
4161
4162
4163
4164
4165
4166
4167
4176
4177
4178
4179
4180
4181
4182
4183
4192
4193
4194
4195
4196
4197
4198
4199
4208
4209
4210
4211
4212
4213
4214
4215
4224
4225
4226
4227
4228
4229
4230
4231
4240
4241
4242
4243
4244
4245
4246
4247
4256
4257
4258
4259
4260
4261
4262
4263
4272
4273
4274
4275
4276
4277
4278
4279
4288
4289
4290
4291
4292
4293
4294
4295
4304
4305
4306
4307
4308
4309
4310
4311
4320
4321
4322
4323
4324
4325
4326
4327
4336
4337
4338
4339
4340
4341
4342
4343
4352
4353
4354
4355
4356
4357
4358
4359
4704
4705
4706
4707
4708
4709
4710
4711
4720
4721
4722
4723
4724
4725
4726
4727
4736
4737
4738
4739
4740
4741
4742
4743
4752
4753
4754
4755
4756
4757
4758
4759
4768
4769
4770
4771
4772
4773
4774
4775
4784
4785
4786
4787
4788
4789
4790
4791
4800
4801
4802
4803
4804
4805
4806
4807
4816
4817
4818
4819
4820
4821
4822
4823
4832
4833
4834
4835
4836
4837
4838
4839
4848
4849
4850
4851
4852
4853
4854
4855
4864
4865
4866
4867
4868
4869
4870
4871
4880
4881
4882
4883
4884
4885
4886
4887
4896
4897
4898
4899
4900
4901
4902
4903
4912
4913
4914
4915
4916
4917
4918
4919
4928
4929
4930
4931
4932
4933
4934
4935
4944
4945
4946
4947
4948
4949
4950
4951
4960
4961
4962
4963
4964
4965
4966
4967
4976
4977
4978
4979
4980
4981
4982
4983
4992
4993
4994
4995
4996
4997
4998
4999
5008
5009
5010
5011
5012
5013
5014
5015
5024
5025
5026
5027
5028
5029
5030
5031
5376
5377
5378
5379
5380
5381
5382
5383
5392
5393
5394
5395
5396
5397
5398
5399
5408
5409
5410
5411
5412
5413
5414
5415
5424
5425
5426
5427
5428
5429
5430
5431
5440
5441
5442
5443
5444
5445
5446
5447
5456
5457
5458
5459
5460
5461
5462
5463
5472
5473
5474
5475
5476
5477
5478
5479
5488
5489
5490
5491
5492
5493
5494
5495
5504
5505
5506
5507
5508
5509
5510
5511
5520
5521
5522
5523
5524
5525
5526
5527
5536
5537
5538
5539
5540
5541
5542
5543
5552
5553
5554
5555
5556
5557
5558
5559
5568
5569
5570
5571
5572
5573
5574
5575
5584
5585
5586
5587
5588
5589
5590
5591
5600
5601
5602
5603
5604
5605
5606
5607
5616
5617
5618
5619
5620
5621
5622
5623
5632
5633
5634
5635
5636
5637
5638
5639
5648
5649
5650
5651
5652
5653
5654
5655
5664
5665
5666
5667
5668
5669
5670
5671
5680
5681
5682
5683
5684
5685
5686
5687
5696
5697
5698
5699
5700
5701
5702
5703
6048
6049
6050
6051
6052
6053
6054
6055
6064
6065
6066
6067
6068
6069
6070
6071
6080
6081
6082
6083
6084
6085
6086
6087
6096
6097
6098
6099
6100
6101
6102
6103
6112
6113
6114
6115
6116
6117
6118
6119
6128
6129
6130
6131
6132
6133
6134
6135
6144
6145
6146
6147
6148
6149
6150
6151
6160
6161
6162
6163
6164
6165
6166
6167
6176
6177
6178
6179
6180
6181
6182
6183
6192
6193
6194
6195
6196
6197
6198
6199
6208
6209
6210
6211
6212
6213
6214
6215
6224
6225
6226
6227
6228
6229
6230
6231
6240
6241
6242
6243
6244
6245
6246
6247
6256
6257
6258
6259
6260
6261
6262
6263
6272
6273
6274
6275
6276
6277
6278
6279
6288
6289
6290
6291
6292
6293
6294
6295
6304
6305
6306
6307
6308
6309
6310
6311
6320
6321
6322
6323
6324
6325
6326
6327
6336
6337
6338
6339
6340
6341
6342
6343
6352
6353
6354
6355
6356
6357
6358
6359
6368
6369
6370
6371
6372
6373
6374
6375
6720
6721
6722
6723
6724
6725
6726
6727
6736
6737
6738
6739
6740
6741
6742
6743
6752
6753
6754
6755
6756
6757
6758
6759
6768
6769
6770
6771
6772
6773
6774
6775
6784
6785
6786
6787
6788
6789
6790
6791
6800
6801
6802
6803
6804
6805
6806
6807
6816
6817
6818
6819
6820
6821
6822
6823
6832
6833
6834
6835
6836
6837
6838
6839
6848
6849
6850
6851
6852
6853
6854
6855
6864
6865
6866
6867
6868
6869
6870
6871
6880
6881
6882
6883
6884
6885
6886
6887
6896
6897
6898
6899
6900
6901
6902
6903
6912
6913
6914
6915
6916
6917
6918
6919
6928
6929
6930
6931
6932
6933
6934
6935
6944
6945
6946
6947
6948
6949
6950
6951
6960
6961
6962
6963
6964
6965
6966
6967
6976
6977
6978
6979
6980
6981
6982
6983
6992
6993
6994
6995
6996
6997
6998
6999
7008
7009
7010
7011
7012
7013
7014
7015
7024
7025
7026
7027
7028
7029
7030
7031
7040
7041
7042
7043
7044
7045
7046
7047
7392
7393
7394
7395
7396
7397
7398
7399
7408
7409
7410
7411
7412
7413
7414
7415
7424
7425
7426
7427
7428
7429
7430
7431
7440
7441
7442
7443
7444
7445
7446
7447
7456
7457
7458
7459
7460
7461
7462
7463
7472
7473
7474
7475
7476
7477
7478
7479
7488
7489
7490
7491
7492
7493
7494
7495
7504
7505
7506
7507
7508
7509
7510
7511
7520
7521
7522
7523
7524
7525
7526
7527
7536
7537
7538
7539
7540
7541
7542
7543
7552
7553
7554
7555
7556
7557
7558
7559
7568
7569
7570
7571
7572
7573
7574
7575
7584
7585
7586
7587
7588
7589
7590
7591
7600
7601
7602
7603
7604
7605
7606
7607
7616
7617
7618
7619
7620
7621
7622
7623
7632
7633
7634
7635
7636
7637
7638
7639
7648
7649
7650
7651
7652
7653
7654
7655
7664
7665
7666
7667
7668
7669
7670
7671
7680
7681
7682
7683
7684
7685
7686
7687
7696
7697
7698
7699
7700
7701
7702
7703
7712
7713
7714
7715
7716
7717
7718
7719
8064
8065
8066
8067
8068
8069
8070
8071
8080
8081
8082
8083
8084
8085
8086
8087
8096
8097
8098
8099
8100
8101
8102
8103
8112
8113
8114
8115
8116
8117
8118
8119
8128
8129
8130
8131
8132
8133
8134
8135
8144
8145
8146
8147
8148
8149
8150
8151
8160
8161
8162
8163
8164
8165
8166
8167
8176
8177
8178
8179
8180
8181
8182
8183
8192
8193
8194
8195
8196
8197
8198
8199
8208
8209
8210
8211
8212
8213
8214
8215
8224
8225
8226
8227
8228
8229
8230
8231
8240
8241
8242
8243
8244
8245
8246
8247
8256
8257
8258
8259
8260
8261
8262
8263
8272
8273
8274
8275
8276
8277
8278
8279
8288
8289
8290
8291
8292
8293
8294
8295
8304
8305
8306
8307
8308
8309
8310
8311
8320
8321
8322
8323
8324
8325
8326
8327
8336
8337
8338
8339
8340
8341
8342
8343
8352
8353
8354
8355
8356
8357
8358
8359
8368
8369
8370
8371
8372
8373
8374
8375
8384
8385
8386
8387
8388
8389
8390
8391
8736
8737
8738
8739
8740
8741
8742
8743
8752
8753
8754
8755
8756
8757
8758
8759
8768
8769
8770
8771
8772
8773
8774
8775
8784
8785
8786
8787
8788
8789
8790
8791
8800
8801
8802
8803
8804
8805
8806
8807
8816
8817
8818
8819
8820
8821
8822
8823
8832
8833
8834
8835
8836
8837
8838
8839
8848
8849
8850
8851
8852
8853
8854
8855
8864
8865
8866
8867
8868
8869
8870
8871
8880
8881
8882
8883
8884
8885
8886
8887
8896
8897
8898
8899
8900
8901
8902
8903
8912
8913
8914
8915
8916
8917
8918
8919
8928
8929
8930
8931
8932
8933
8934
8935
8944
8945
8946
8947
8948
8949
8950
8951
8960
8961
8962
8963
8964
8965
8966
8967
8976
8977
8978
8979
8980
8981
8982
8983
8992
8993
8994
8995
8996
8997
8998
8999
9008
9009
9010
9011
9012
9013
9014
9015
9024
9025
9026
9027
9028
9029
9030
9031
9040
9041
9042
9043
9044
9045
9046
9047
9056
9057
9058
9059
9060
9061
9062
9063
9408
9409
9410
9411
9412
9413
9414
9415
9424
9425
9426
9427
9428
9429
9430
9431
9440
9441
9442
9443
9444
9445
9446
9447
9456
9457
9458
9459
9460
9461
9462
9463
9472
9473
9474
9475
9476
9477
9478
9479
9488
9489
9490
9491
9492
9493
9494
9495
9504
9505
9506
9507
9508
9509
9510
9511
9520
9521
9522
9523
9524
9525
9526
9527
9536
9537
9538
9539
9540
9541
9542
9543
9552
9553
9554
9555
9556
9557
9558
9559
9568
9569
9570
9571
9572
9573
9574
9575
9584
9585
9586
9587
9588
9589
9590
9591
9600
9601
9602
9603
9604
9605
9606
9607
9616
9617
9618
9619
9620
9621
9622
9623
9632
9633
9634
9635
9636
9637
9638
9639
9648
9649
9650
9651
9652
9653
9654
9655
9664
9665
9666
9667
9668
9669
9670
9671
9680
9681
9682
9683
9684
9685
9686
9687
9696
9697
9698
9699
9700
9701
9702
9703
9712
9713
9714
9715
9716
9717
9718
9719
9728
9729
9730
9731
9732
9733
9734
9735
10080
10081
10082
10083
10084
10085
10086
10087
10096
10097
10098
10099
10100
10101
10102
10103
10112
10113
10114
10115
10116
10117
10118
10119
10128
10129
10130
10131
10132
10133
10134
10135
10144
10145
10146
10147
10148
10149
10150
10151
10160
10161
10162
10163
10164
10165
10166
10167
10176
10177
10178
10179
10180
10181
10182
10183
10192
10193
10194
10195
10196
10197
10198
10199
10208
10209
10210
10211
10212
10213
10214
10215
10224
10225
10226
10227
10228
10229
10230
10231
10240
10241
10242
10243
10244
10245
10246
10247
10256
10257
10258
10259
10260
10261
10262
10263
10272
10273
10274
10275
10276
10277
10278
10279
10288
10289
10290
10291
10292
10293
10294
10295
10304
10305
10306
10307
10308
10309
10310
10311
10320
10321
10322
10323
10324
10325
10326
10327
10336
10337
10338
10339
10340
10341
10342
10343
10352
10353
10354
10355
10356
10357
10358
10359
10368
10369
10370
10371
10372
10373
10374
10375
10384
10385
10386
10387
10388
10389
10390
10391
10400
10401
10402
10403
10404
10405
10406
10407
)


// ************************************************************************* //
