/*--------------------------------*- C++ -*----------------------------------*\
  =========                 |
  \\      /  F ield         | OpenFOAM: The Open Source CFD Toolbox
   \\    /   O peration     | Website:  https://openfoam.org
    \\  /    A nd           | Version:  12
     \\/     M anipulation  |
\*---------------------------------------------------------------------------*/
FoamFile
{
    format      ascii;
    class       labelList;
    location    "constant/polyMesh";
    object      pointProcAddressing;
}
// * * * * * * * * * * * * * * * * * * * * * * * * * * * * * * * * * * * * * //


3366
(
0
1
2
3
4
5
6
7
8
17
18
19
20
21
22
23
24
25
34
35
36
37
38
39
40
41
42
51
52
53
54
55
56
57
58
59
68
69
70
71
72
73
74
75
76
85
86
87
88
89
90
91
92
93
102
103
104
105
106
107
108
109
110
119
120
121
122
123
124
125
126
127
136
137
138
139
140
141
142
143
144
153
154
155
156
157
158
159
160
161
170
171
172
173
174
175
176
177
178
187
188
189
190
191
192
193
194
195
204
205
206
207
208
209
210
211
212
221
222
223
224
225
226
227
228
229
238
239
240
241
242
243
244
245
246
255
256
257
258
259
260
261
262
263
272
273
274
275
276
277
278
279
280
289
290
291
292
293
294
295
296
297
306
307
308
309
310
311
312
313
314
323
324
325
326
327
328
329
330
331
340
341
342
343
344
345
346
347
348
357
358
359
360
361
362
363
364
365
731
732
733
734
735
736
737
738
739
748
749
750
751
752
753
754
755
756
765
766
767
768
769
770
771
772
773
782
783
784
785
786
787
788
789
790
799
800
801
802
803
804
805
806
807
816
817
818
819
820
821
822
823
824
833
834
835
836
837
838
839
840
841
850
851
852
853
854
855
856
857
858
867
868
869
870
871
872
873
874
875
884
885
886
887
888
889
890
891
892
901
902
903
904
905
906
907
908
909
918
919
920
921
922
923
924
925
926
935
936
937
938
939
940
941
942
943
952
953
954
955
956
957
958
959
960
969
970
971
972
973
974
975
976
977
986
987
988
989
990
991
992
993
994
1003
1004
1005
1006
1007
1008
1009
1010
1011
1020
1021
1022
1023
1024
1025
1026
1027
1028
1037
1038
1039
1040
1041
1042
1043
1044
1045
1054
1055
1056
1057
1058
1059
1060
1061
1062
1071
1072
1073
1074
1075
1076
1077
1078
1079
1088
1089
1090
1091
1092
1093
1094
1095
1096
1462
1463
1464
1465
1466
1467
1468
1469
1470
1479
1480
1481
1482
1483
1484
1485
1486
1487
1496
1497
1498
1499
1500
1501
1502
1503
1504
1513
1514
1515
1516
1517
1518
1519
1520
1521
1530
1531
1532
1533
1534
1535
1536
1537
1538
1547
1548
1549
1550
1551
1552
1553
1554
1555
1564
1565
1566
1567
1568
1569
1570
1571
1572
1581
1582
1583
1584
1585
1586
1587
1588
1589
1598
1599
1600
1601
1602
1603
1604
1605
1606
1615
1616
1617
1618
1619
1620
1621
1622
1623
1632
1633
1634
1635
1636
1637
1638
1639
1640
1649
1650
1651
1652
1653
1654
1655
1656
1657
1666
1667
1668
1669
1670
1671
1672
1673
1674
1683
1684
1685
1686
1687
1688
1689
1690
1691
1700
1701
1702
1703
1704
1705
1706
1707
1708
1717
1718
1719
1720
1721
1722
1723
1724
1725
1734
1735
1736
1737
1738
1739
1740
1741
1742
1751
1752
1753
1754
1755
1756
1757
1758
1759
1768
1769
1770
1771
1772
1773
1774
1775
1776
1785
1786
1787
1788
1789
1790
1791
1792
1793
1802
1803
1804
1805
1806
1807
1808
1809
1810
1819
1820
1821
1822
1823
1824
1825
1826
1827
2193
2194
2195
2196
2197
2198
2199
2200
2201
2210
2211
2212
2213
2214
2215
2216
2217
2218
2227
2228
2229
2230
2231
2232
2233
2234
2235
2244
2245
2246
2247
2248
2249
2250
2251
2252
2261
2262
2263
2264
2265
2266
2267
2268
2269
2278
2279
2280
2281
2282
2283
2284
2285
2286
2295
2296
2297
2298
2299
2300
2301
2302
2303
2312
2313
2314
2315
2316
2317
2318
2319
2320
2329
2330
2331
2332
2333
2334
2335
2336
2337
2346
2347
2348
2349
2350
2351
2352
2353
2354
2363
2364
2365
2366
2367
2368
2369
2370
2371
2380
2381
2382
2383
2384
2385
2386
2387
2388
2397
2398
2399
2400
2401
2402
2403
2404
2405
2414
2415
2416
2417
2418
2419
2420
2421
2422
2431
2432
2433
2434
2435
2436
2437
2438
2439
2448
2449
2450
2451
2452
2453
2454
2455
2456
2465
2466
2467
2468
2469
2470
2471
2472
2473
2482
2483
2484
2485
2486
2487
2488
2489
2490
2499
2500
2501
2502
2503
2504
2505
2506
2507
2516
2517
2518
2519
2520
2521
2522
2523
2524
2533
2534
2535
2536
2537
2538
2539
2540
2541
2550
2551
2552
2553
2554
2555
2556
2557
2558
2924
2925
2926
2927
2928
2929
2930
2931
2932
2941
2942
2943
2944
2945
2946
2947
2948
2949
2958
2959
2960
2961
2962
2963
2964
2965
2966
2975
2976
2977
2978
2979
2980
2981
2982
2983
2992
2993
2994
2995
2996
2997
2998
2999
3000
3009
3010
3011
3012
3013
3014
3015
3016
3017
3026
3027
3028
3029
3030
3031
3032
3033
3034
3043
3044
3045
3046
3047
3048
3049
3050
3051
3060
3061
3062
3063
3064
3065
3066
3067
3068
3077
3078
3079
3080
3081
3082
3083
3084
3085
3094
3095
3096
3097
3098
3099
3100
3101
3102
3111
3112
3113
3114
3115
3116
3117
3118
3119
3128
3129
3130
3131
3132
3133
3134
3135
3136
3145
3146
3147
3148
3149
3150
3151
3152
3153
3162
3163
3164
3165
3166
3167
3168
3169
3170
3179
3180
3181
3182
3183
3184
3185
3186
3187
3196
3197
3198
3199
3200
3201
3202
3203
3204
3213
3214
3215
3216
3217
3218
3219
3220
3221
3230
3231
3232
3233
3234
3235
3236
3237
3238
3247
3248
3249
3250
3251
3252
3253
3254
3255
3264
3265
3266
3267
3268
3269
3270
3271
3272
3281
3282
3283
3284
3285
3286
3287
3288
3289
3655
3656
3657
3658
3659
3660
3661
3662
3663
3672
3673
3674
3675
3676
3677
3678
3679
3680
3689
3690
3691
3692
3693
3694
3695
3696
3697
3706
3707
3708
3709
3710
3711
3712
3713
3714
3723
3724
3725
3726
3727
3728
3729
3730
3731
3740
3741
3742
3743
3744
3745
3746
3747
3748
3757
3758
3759
3760
3761
3762
3763
3764
3765
3774
3775
3776
3777
3778
3779
3780
3781
3782
3791
3792
3793
3794
3795
3796
3797
3798
3799
3808
3809
3810
3811
3812
3813
3814
3815
3816
3825
3826
3827
3828
3829
3830
3831
3832
3833
3842
3843
3844
3845
3846
3847
3848
3849
3850
3859
3860
3861
3862
3863
3864
3865
3866
3867
3876
3877
3878
3879
3880
3881
3882
3883
3884
3893
3894
3895
3896
3897
3898
3899
3900
3901
3910
3911
3912
3913
3914
3915
3916
3917
3918
3927
3928
3929
3930
3931
3932
3933
3934
3935
3944
3945
3946
3947
3948
3949
3950
3951
3952
3961
3962
3963
3964
3965
3966
3967
3968
3969
3978
3979
3980
3981
3982
3983
3984
3985
3986
3995
3996
3997
3998
3999
4000
4001
4002
4003
4012
4013
4014
4015
4016
4017
4018
4019
4020
4386
4387
4388
4389
4390
4391
4392
4393
4394
4403
4404
4405
4406
4407
4408
4409
4410
4411
4420
4421
4422
4423
4424
4425
4426
4427
4428
4437
4438
4439
4440
4441
4442
4443
4444
4445
4454
4455
4456
4457
4458
4459
4460
4461
4462
4471
4472
4473
4474
4475
4476
4477
4478
4479
4488
4489
4490
4491
4492
4493
4494
4495
4496
4505
4506
4507
4508
4509
4510
4511
4512
4513
4522
4523
4524
4525
4526
4527
4528
4529
4530
4539
4540
4541
4542
4543
4544
4545
4546
4547
4556
4557
4558
4559
4560
4561
4562
4563
4564
4573
4574
4575
4576
4577
4578
4579
4580
4581
4590
4591
4592
4593
4594
4595
4596
4597
4598
4607
4608
4609
4610
4611
4612
4613
4614
4615
4624
4625
4626
4627
4628
4629
4630
4631
4632
4641
4642
4643
4644
4645
4646
4647
4648
4649
4658
4659
4660
4661
4662
4663
4664
4665
4666
4675
4676
4677
4678
4679
4680
4681
4682
4683
4692
4693
4694
4695
4696
4697
4698
4699
4700
4709
4710
4711
4712
4713
4714
4715
4716
4717
4726
4727
4728
4729
4730
4731
4732
4733
4734
4743
4744
4745
4746
4747
4748
4749
4750
4751
5117
5118
5119
5120
5121
5122
5123
5124
5125
5134
5135
5136
5137
5138
5139
5140
5141
5142
5151
5152
5153
5154
5155
5156
5157
5158
5159
5168
5169
5170
5171
5172
5173
5174
5175
5176
5185
5186
5187
5188
5189
5190
5191
5192
5193
5202
5203
5204
5205
5206
5207
5208
5209
5210
5219
5220
5221
5222
5223
5224
5225
5226
5227
5236
5237
5238
5239
5240
5241
5242
5243
5244
5253
5254
5255
5256
5257
5258
5259
5260
5261
5270
5271
5272
5273
5274
5275
5276
5277
5278
5287
5288
5289
5290
5291
5292
5293
5294
5295
5304
5305
5306
5307
5308
5309
5310
5311
5312
5321
5322
5323
5324
5325
5326
5327
5328
5329
5338
5339
5340
5341
5342
5343
5344
5345
5346
5355
5356
5357
5358
5359
5360
5361
5362
5363
5372
5373
5374
5375
5376
5377
5378
5379
5380
5389
5390
5391
5392
5393
5394
5395
5396
5397
5406
5407
5408
5409
5410
5411
5412
5413
5414
5423
5424
5425
5426
5427
5428
5429
5430
5431
5440
5441
5442
5443
5444
5445
5446
5447
5448
5457
5458
5459
5460
5461
5462
5463
5464
5465
5474
5475
5476
5477
5478
5479
5480
5481
5482
5848
5849
5850
5851
5852
5853
5854
5855
5856
5865
5866
5867
5868
5869
5870
5871
5872
5873
5882
5883
5884
5885
5886
5887
5888
5889
5890
5899
5900
5901
5902
5903
5904
5905
5906
5907
5916
5917
5918
5919
5920
5921
5922
5923
5924
5933
5934
5935
5936
5937
5938
5939
5940
5941
5950
5951
5952
5953
5954
5955
5956
5957
5958
5967
5968
5969
5970
5971
5972
5973
5974
5975
5984
5985
5986
5987
5988
5989
5990
5991
5992
6001
6002
6003
6004
6005
6006
6007
6008
6009
6018
6019
6020
6021
6022
6023
6024
6025
6026
6035
6036
6037
6038
6039
6040
6041
6042
6043
6052
6053
6054
6055
6056
6057
6058
6059
6060
6069
6070
6071
6072
6073
6074
6075
6076
6077
6086
6087
6088
6089
6090
6091
6092
6093
6094
6103
6104
6105
6106
6107
6108
6109
6110
6111
6120
6121
6122
6123
6124
6125
6126
6127
6128
6137
6138
6139
6140
6141
6142
6143
6144
6145
6154
6155
6156
6157
6158
6159
6160
6161
6162
6171
6172
6173
6174
6175
6176
6177
6178
6179
6188
6189
6190
6191
6192
6193
6194
6195
6196
6205
6206
6207
6208
6209
6210
6211
6212
6213
6579
6580
6581
6582
6583
6584
6585
6586
6587
6596
6597
6598
6599
6600
6601
6602
6603
6604
6613
6614
6615
6616
6617
6618
6619
6620
6621
6630
6631
6632
6633
6634
6635
6636
6637
6638
6647
6648
6649
6650
6651
6652
6653
6654
6655
6664
6665
6666
6667
6668
6669
6670
6671
6672
6681
6682
6683
6684
6685
6686
6687
6688
6689
6698
6699
6700
6701
6702
6703
6704
6705
6706
6715
6716
6717
6718
6719
6720
6721
6722
6723
6732
6733
6734
6735
6736
6737
6738
6739
6740
6749
6750
6751
6752
6753
6754
6755
6756
6757
6766
6767
6768
6769
6770
6771
6772
6773
6774
6783
6784
6785
6786
6787
6788
6789
6790
6791
6800
6801
6802
6803
6804
6805
6806
6807
6808
6817
6818
6819
6820
6821
6822
6823
6824
6825
6834
6835
6836
6837
6838
6839
6840
6841
6842
6851
6852
6853
6854
6855
6856
6857
6858
6859
6868
6869
6870
6871
6872
6873
6874
6875
6876
6885
6886
6887
6888
6889
6890
6891
6892
6893
6902
6903
6904
6905
6906
6907
6908
6909
6910
6919
6920
6921
6922
6923
6924
6925
6926
6927
6936
6937
6938
6939
6940
6941
6942
6943
6944
7310
7311
7312
7313
7314
7315
7316
7317
7318
7327
7328
7329
7330
7331
7332
7333
7334
7335
7344
7345
7346
7347
7348
7349
7350
7351
7352
7361
7362
7363
7364
7365
7366
7367
7368
7369
7378
7379
7380
7381
7382
7383
7384
7385
7386
7395
7396
7397
7398
7399
7400
7401
7402
7403
7412
7413
7414
7415
7416
7417
7418
7419
7420
7429
7430
7431
7432
7433
7434
7435
7436
7437
7446
7447
7448
7449
7450
7451
7452
7453
7454
7463
7464
7465
7466
7467
7468
7469
7470
7471
7480
7481
7482
7483
7484
7485
7486
7487
7488
7497
7498
7499
7500
7501
7502
7503
7504
7505
7514
7515
7516
7517
7518
7519
7520
7521
7522
7531
7532
7533
7534
7535
7536
7537
7538
7539
7548
7549
7550
7551
7552
7553
7554
7555
7556
7565
7566
7567
7568
7569
7570
7571
7572
7573
7582
7583
7584
7585
7586
7587
7588
7589
7590
7599
7600
7601
7602
7603
7604
7605
7606
7607
7616
7617
7618
7619
7620
7621
7622
7623
7624
7633
7634
7635
7636
7637
7638
7639
7640
7641
7650
7651
7652
7653
7654
7655
7656
7657
7658
7667
7668
7669
7670
7671
7672
7673
7674
7675
8041
8042
8043
8044
8045
8046
8047
8048
8049
8058
8059
8060
8061
8062
8063
8064
8065
8066
8075
8076
8077
8078
8079
8080
8081
8082
8083
8092
8093
8094
8095
8096
8097
8098
8099
8100
8109
8110
8111
8112
8113
8114
8115
8116
8117
8126
8127
8128
8129
8130
8131
8132
8133
8134
8143
8144
8145
8146
8147
8148
8149
8150
8151
8160
8161
8162
8163
8164
8165
8166
8167
8168
8177
8178
8179
8180
8181
8182
8183
8184
8185
8194
8195
8196
8197
8198
8199
8200
8201
8202
8211
8212
8213
8214
8215
8216
8217
8218
8219
8228
8229
8230
8231
8232
8233
8234
8235
8236
8245
8246
8247
8248
8249
8250
8251
8252
8253
8262
8263
8264
8265
8266
8267
8268
8269
8270
8279
8280
8281
8282
8283
8284
8285
8286
8287
8296
8297
8298
8299
8300
8301
8302
8303
8304
8313
8314
8315
8316
8317
8318
8319
8320
8321
8330
8331
8332
8333
8334
8335
8336
8337
8338
8347
8348
8349
8350
8351
8352
8353
8354
8355
8364
8365
8366
8367
8368
8369
8370
8371
8372
8381
8382
8383
8384
8385
8386
8387
8388
8389
8398
8399
8400
8401
8402
8403
8404
8405
8406
8772
8773
8774
8775
8776
8777
8778
8779
8780
8789
8790
8791
8792
8793
8794
8795
8796
8797
8806
8807
8808
8809
8810
8811
8812
8813
8814
8823
8824
8825
8826
8827
8828
8829
8830
8831
8840
8841
8842
8843
8844
8845
8846
8847
8848
8857
8858
8859
8860
8861
8862
8863
8864
8865
8874
8875
8876
8877
8878
8879
8880
8881
8882
8891
8892
8893
8894
8895
8896
8897
8898
8899
8908
8909
8910
8911
8912
8913
8914
8915
8916
8925
8926
8927
8928
8929
8930
8931
8932
8933
8942
8943
8944
8945
8946
8947
8948
8949
8950
8959
8960
8961
8962
8963
8964
8965
8966
8967
8976
8977
8978
8979
8980
8981
8982
8983
8984
8993
8994
8995
8996
8997
8998
8999
9000
9001
9010
9011
9012
9013
9014
9015
9016
9017
9018
9027
9028
9029
9030
9031
9032
9033
9034
9035
9044
9045
9046
9047
9048
9049
9050
9051
9052
9061
9062
9063
9064
9065
9066
9067
9068
9069
9078
9079
9080
9081
9082
9083
9084
9085
9086
9095
9096
9097
9098
9099
9100
9101
9102
9103
9112
9113
9114
9115
9116
9117
9118
9119
9120
9129
9130
9131
9132
9133
9134
9135
9136
9137
9503
9504
9505
9506
9507
9508
9509
9510
9511
9520
9521
9522
9523
9524
9525
9526
9527
9528
9537
9538
9539
9540
9541
9542
9543
9544
9545
9554
9555
9556
9557
9558
9559
9560
9561
9562
9571
9572
9573
9574
9575
9576
9577
9578
9579
9588
9589
9590
9591
9592
9593
9594
9595
9596
9605
9606
9607
9608
9609
9610
9611
9612
9613
9622
9623
9624
9625
9626
9627
9628
9629
9630
9639
9640
9641
9642
9643
9644
9645
9646
9647
9656
9657
9658
9659
9660
9661
9662
9663
9664
9673
9674
9675
9676
9677
9678
9679
9680
9681
9690
9691
9692
9693
9694
9695
9696
9697
9698
9707
9708
9709
9710
9711
9712
9713
9714
9715
9724
9725
9726
9727
9728
9729
9730
9731
9732
9741
9742
9743
9744
9745
9746
9747
9748
9749
9758
9759
9760
9761
9762
9763
9764
9765
9766
9775
9776
9777
9778
9779
9780
9781
9782
9783
9792
9793
9794
9795
9796
9797
9798
9799
9800
9809
9810
9811
9812
9813
9814
9815
9816
9817
9826
9827
9828
9829
9830
9831
9832
9833
9834
9843
9844
9845
9846
9847
9848
9849
9850
9851
9860
9861
9862
9863
9864
9865
9866
9867
9868
10234
10235
10236
10237
10238
10239
10240
10241
10242
10251
10252
10253
10254
10255
10256
10257
10258
10259
10268
10269
10270
10271
10272
10273
10274
10275
10276
10285
10286
10287
10288
10289
10290
10291
10292
10293
10302
10303
10304
10305
10306
10307
10308
10309
10310
10319
10320
10321
10322
10323
10324
10325
10326
10327
10336
10337
10338
10339
10340
10341
10342
10343
10344
10353
10354
10355
10356
10357
10358
10359
10360
10361
10370
10371
10372
10373
10374
10375
10376
10377
10378
10387
10388
10389
10390
10391
10392
10393
10394
10395
10404
10405
10406
10407
10408
10409
10410
10411
10412
10421
10422
10423
10424
10425
10426
10427
10428
10429
10438
10439
10440
10441
10442
10443
10444
10445
10446
10455
10456
10457
10458
10459
10460
10461
10462
10463
10472
10473
10474
10475
10476
10477
10478
10479
10480
10489
10490
10491
10492
10493
10494
10495
10496
10497
10506
10507
10508
10509
10510
10511
10512
10513
10514
10523
10524
10525
10526
10527
10528
10529
10530
10531
10540
10541
10542
10543
10544
10545
10546
10547
10548
10557
10558
10559
10560
10561
10562
10563
10564
10565
10574
10575
10576
10577
10578
10579
10580
10581
10582
10591
10592
10593
10594
10595
10596
10597
10598
10599
10965
10966
10967
10968
10969
10970
10971
10972
10973
10982
10983
10984
10985
10986
10987
10988
10989
10990
10999
11000
11001
11002
11003
11004
11005
11006
11007
11016
11017
11018
11019
11020
11021
11022
11023
11024
11033
11034
11035
11036
11037
11038
11039
11040
11041
11050
11051
11052
11053
11054
11055
11056
11057
11058
11067
11068
11069
11070
11071
11072
11073
11074
11075
11084
11085
11086
11087
11088
11089
11090
11091
11092
11101
11102
11103
11104
11105
11106
11107
11108
11109
11118
11119
11120
11121
11122
11123
11124
11125
11126
11135
11136
11137
11138
11139
11140
11141
11142
11143
11152
11153
11154
11155
11156
11157
11158
11159
11160
11169
11170
11171
11172
11173
11174
11175
11176
11177
11186
11187
11188
11189
11190
11191
11192
11193
11194
11203
11204
11205
11206
11207
11208
11209
11210
11211
11220
11221
11222
11223
11224
11225
11226
11227
11228
11237
11238
11239
11240
11241
11242
11243
11244
11245
11254
11255
11256
11257
11258
11259
11260
11261
11262
11271
11272
11273
11274
11275
11276
11277
11278
11279
11288
11289
11290
11291
11292
11293
11294
11295
11296
11305
11306
11307
11308
11309
11310
11311
11312
11313
11322
11323
11324
11325
11326
11327
11328
11329
11330
11696
11697
11698
11699
11700
11701
11702
11703
11704
11713
11714
11715
11716
11717
11718
11719
11720
11721
11730
11731
11732
11733
11734
11735
11736
11737
11738
11747
11748
11749
11750
11751
11752
11753
11754
11755
11764
11765
11766
11767
11768
11769
11770
11771
11772
11781
11782
11783
11784
11785
11786
11787
11788
11789
11798
11799
11800
11801
11802
11803
11804
11805
11806
11815
11816
11817
11818
11819
11820
11821
11822
11823
11832
11833
11834
11835
11836
11837
11838
11839
11840
11849
11850
11851
11852
11853
11854
11855
11856
11857
11866
11867
11868
11869
11870
11871
11872
11873
11874
11883
11884
11885
11886
11887
11888
11889
11890
11891
11900
11901
11902
11903
11904
11905
11906
11907
11908
11917
11918
11919
11920
11921
11922
11923
11924
11925
11934
11935
11936
11937
11938
11939
11940
11941
11942
11951
11952
11953
11954
11955
11956
11957
11958
11959
11968
11969
11970
11971
11972
11973
11974
11975
11976
11985
11986
11987
11988
11989
11990
11991
11992
11993
12002
12003
12004
12005
12006
12007
12008
12009
12010
12019
12020
12021
12022
12023
12024
12025
12026
12027
12036
12037
12038
12039
12040
12041
12042
12043
12044
12053
12054
12055
12056
12057
12058
12059
12060
12061
)


// ************************************************************************* //
