/*--------------------------------*- C++ -*----------------------------------*\
  =========                 |
  \\      /  F ield         | OpenFOAM: The Open Source CFD Toolbox
   \\    /   O peration     | Website:  https://openfoam.org
    \\  /    A nd           | Version:  12
     \\/     M anipulation  |
\*---------------------------------------------------------------------------*/
FoamFile
{
    format      ascii;
    class       labelList;
    location    "constant/polyMesh";
    object      cellProcAddressing;
}
// * * * * * * * * * * * * * * * * * * * * * * * * * * * * * * * * * * * * * //


2688
(
344
345
346
347
348
349
350
351
360
361
362
363
364
365
366
367
376
377
378
379
380
381
382
383
392
393
394
395
396
397
398
399
408
409
410
411
412
413
414
415
424
425
426
427
428
429
430
431
440
441
442
443
444
445
446
447
456
457
458
459
460
461
462
463
472
473
474
475
476
477
478
479
488
489
490
491
492
493
494
495
504
505
506
507
508
509
510
511
520
521
522
523
524
525
526
527
536
537
538
539
540
541
542
543
552
553
554
555
556
557
558
559
568
569
570
571
572
573
574
575
584
585
586
587
588
589
590
591
600
601
602
603
604
605
606
607
616
617
618
619
620
621
622
623
632
633
634
635
636
637
638
639
648
649
650
651
652
653
654
655
664
665
666
667
668
669
670
671
1016
1017
1018
1019
1020
1021
1022
1023
1032
1033
1034
1035
1036
1037
1038
1039
1048
1049
1050
1051
1052
1053
1054
1055
1064
1065
1066
1067
1068
1069
1070
1071
1080
1081
1082
1083
1084
1085
1086
1087
1096
1097
1098
1099
1100
1101
1102
1103
1112
1113
1114
1115
1116
1117
1118
1119
1128
1129
1130
1131
1132
1133
1134
1135
1144
1145
1146
1147
1148
1149
1150
1151
1160
1161
1162
1163
1164
1165
1166
1167
1176
1177
1178
1179
1180
1181
1182
1183
1192
1193
1194
1195
1196
1197
1198
1199
1208
1209
1210
1211
1212
1213
1214
1215
1224
1225
1226
1227
1228
1229
1230
1231
1240
1241
1242
1243
1244
1245
1246
1247
1256
1257
1258
1259
1260
1261
1262
1263
1272
1273
1274
1275
1276
1277
1278
1279
1288
1289
1290
1291
1292
1293
1294
1295
1304
1305
1306
1307
1308
1309
1310
1311
1320
1321
1322
1323
1324
1325
1326
1327
1336
1337
1338
1339
1340
1341
1342
1343
1688
1689
1690
1691
1692
1693
1694
1695
1704
1705
1706
1707
1708
1709
1710
1711
1720
1721
1722
1723
1724
1725
1726
1727
1736
1737
1738
1739
1740
1741
1742
1743
1752
1753
1754
1755
1756
1757
1758
1759
1768
1769
1770
1771
1772
1773
1774
1775
1784
1785
1786
1787
1788
1789
1790
1791
1800
1801
1802
1803
1804
1805
1806
1807
1816
1817
1818
1819
1820
1821
1822
1823
1832
1833
1834
1835
1836
1837
1838
1839
1848
1849
1850
1851
1852
1853
1854
1855
1864
1865
1866
1867
1868
1869
1870
1871
1880
1881
1882
1883
1884
1885
1886
1887
1896
1897
1898
1899
1900
1901
1902
1903
1912
1913
1914
1915
1916
1917
1918
1919
1928
1929
1930
1931
1932
1933
1934
1935
1944
1945
1946
1947
1948
1949
1950
1951
1960
1961
1962
1963
1964
1965
1966
1967
1976
1977
1978
1979
1980
1981
1982
1983
1992
1993
1994
1995
1996
1997
1998
1999
2008
2009
2010
2011
2012
2013
2014
2015
2360
2361
2362
2363
2364
2365
2366
2367
2376
2377
2378
2379
2380
2381
2382
2383
2392
2393
2394
2395
2396
2397
2398
2399
2408
2409
2410
2411
2412
2413
2414
2415
2424
2425
2426
2427
2428
2429
2430
2431
2440
2441
2442
2443
2444
2445
2446
2447
2456
2457
2458
2459
2460
2461
2462
2463
2472
2473
2474
2475
2476
2477
2478
2479
2488
2489
2490
2491
2492
2493
2494
2495
2504
2505
2506
2507
2508
2509
2510
2511
2520
2521
2522
2523
2524
2525
2526
2527
2536
2537
2538
2539
2540
2541
2542
2543
2552
2553
2554
2555
2556
2557
2558
2559
2568
2569
2570
2571
2572
2573
2574
2575
2584
2585
2586
2587
2588
2589
2590
2591
2600
2601
2602
2603
2604
2605
2606
2607
2616
2617
2618
2619
2620
2621
2622
2623
2632
2633
2634
2635
2636
2637
2638
2639
2648
2649
2650
2651
2652
2653
2654
2655
2664
2665
2666
2667
2668
2669
2670
2671
2680
2681
2682
2683
2684
2685
2686
2687
3032
3033
3034
3035
3036
3037
3038
3039
3048
3049
3050
3051
3052
3053
3054
3055
3064
3065
3066
3067
3068
3069
3070
3071
3080
3081
3082
3083
3084
3085
3086
3087
3096
3097
3098
3099
3100
3101
3102
3103
3112
3113
3114
3115
3116
3117
3118
3119
3128
3129
3130
3131
3132
3133
3134
3135
3144
3145
3146
3147
3148
3149
3150
3151
3160
3161
3162
3163
3164
3165
3166
3167
3176
3177
3178
3179
3180
3181
3182
3183
3192
3193
3194
3195
3196
3197
3198
3199
3208
3209
3210
3211
3212
3213
3214
3215
3224
3225
3226
3227
3228
3229
3230
3231
3240
3241
3242
3243
3244
3245
3246
3247
3256
3257
3258
3259
3260
3261
3262
3263
3272
3273
3274
3275
3276
3277
3278
3279
3288
3289
3290
3291
3292
3293
3294
3295
3304
3305
3306
3307
3308
3309
3310
3311
3320
3321
3322
3323
3324
3325
3326
3327
3336
3337
3338
3339
3340
3341
3342
3343
3352
3353
3354
3355
3356
3357
3358
3359
3704
3705
3706
3707
3708
3709
3710
3711
3720
3721
3722
3723
3724
3725
3726
3727
3736
3737
3738
3739
3740
3741
3742
3743
3752
3753
3754
3755
3756
3757
3758
3759
3768
3769
3770
3771
3772
3773
3774
3775
3784
3785
3786
3787
3788
3789
3790
3791
3800
3801
3802
3803
3804
3805
3806
3807
3816
3817
3818
3819
3820
3821
3822
3823
3832
3833
3834
3835
3836
3837
3838
3839
3848
3849
3850
3851
3852
3853
3854
3855
3864
3865
3866
3867
3868
3869
3870
3871
3880
3881
3882
3883
3884
3885
3886
3887
3896
3897
3898
3899
3900
3901
3902
3903
3912
3913
3914
3915
3916
3917
3918
3919
3928
3929
3930
3931
3932
3933
3934
3935
3944
3945
3946
3947
3948
3949
3950
3951
3960
3961
3962
3963
3964
3965
3966
3967
3976
3977
3978
3979
3980
3981
3982
3983
3992
3993
3994
3995
3996
3997
3998
3999
4008
4009
4010
4011
4012
4013
4014
4015
4024
4025
4026
4027
4028
4029
4030
4031
4376
4377
4378
4379
4380
4381
4382
4383
4392
4393
4394
4395
4396
4397
4398
4399
4408
4409
4410
4411
4412
4413
4414
4415
4424
4425
4426
4427
4428
4429
4430
4431
4440
4441
4442
4443
4444
4445
4446
4447
4456
4457
4458
4459
4460
4461
4462
4463
4472
4473
4474
4475
4476
4477
4478
4479
4488
4489
4490
4491
4492
4493
4494
4495
4504
4505
4506
4507
4508
4509
4510
4511
4520
4521
4522
4523
4524
4525
4526
4527
4536
4537
4538
4539
4540
4541
4542
4543
4552
4553
4554
4555
4556
4557
4558
4559
4568
4569
4570
4571
4572
4573
4574
4575
4584
4585
4586
4587
4588
4589
4590
4591
4600
4601
4602
4603
4604
4605
4606
4607
4616
4617
4618
4619
4620
4621
4622
4623
4632
4633
4634
4635
4636
4637
4638
4639
4648
4649
4650
4651
4652
4653
4654
4655
4664
4665
4666
4667
4668
4669
4670
4671
4680
4681
4682
4683
4684
4685
4686
4687
4696
4697
4698
4699
4700
4701
4702
4703
5048
5049
5050
5051
5052
5053
5054
5055
5064
5065
5066
5067
5068
5069
5070
5071
5080
5081
5082
5083
5084
5085
5086
5087
5096
5097
5098
5099
5100
5101
5102
5103
5112
5113
5114
5115
5116
5117
5118
5119
5128
5129
5130
5131
5132
5133
5134
5135
5144
5145
5146
5147
5148
5149
5150
5151
5160
5161
5162
5163
5164
5165
5166
5167
5176
5177
5178
5179
5180
5181
5182
5183
5192
5193
5194
5195
5196
5197
5198
5199
5208
5209
5210
5211
5212
5213
5214
5215
5224
5225
5226
5227
5228
5229
5230
5231
5240
5241
5242
5243
5244
5245
5246
5247
5256
5257
5258
5259
5260
5261
5262
5263
5272
5273
5274
5275
5276
5277
5278
5279
5288
5289
5290
5291
5292
5293
5294
5295
5304
5305
5306
5307
5308
5309
5310
5311
5320
5321
5322
5323
5324
5325
5326
5327
5336
5337
5338
5339
5340
5341
5342
5343
5352
5353
5354
5355
5356
5357
5358
5359
5368
5369
5370
5371
5372
5373
5374
5375
5720
5721
5722
5723
5724
5725
5726
5727
5736
5737
5738
5739
5740
5741
5742
5743
5752
5753
5754
5755
5756
5757
5758
5759
5768
5769
5770
5771
5772
5773
5774
5775
5784
5785
5786
5787
5788
5789
5790
5791
5800
5801
5802
5803
5804
5805
5806
5807
5816
5817
5818
5819
5820
5821
5822
5823
5832
5833
5834
5835
5836
5837
5838
5839
5848
5849
5850
5851
5852
5853
5854
5855
5864
5865
5866
5867
5868
5869
5870
5871
5880
5881
5882
5883
5884
5885
5886
5887
5896
5897
5898
5899
5900
5901
5902
5903
5912
5913
5914
5915
5916
5917
5918
5919
5928
5929
5930
5931
5932
5933
5934
5935
5944
5945
5946
5947
5948
5949
5950
5951
5960
5961
5962
5963
5964
5965
5966
5967
5976
5977
5978
5979
5980
5981
5982
5983
5992
5993
5994
5995
5996
5997
5998
5999
6008
6009
6010
6011
6012
6013
6014
6015
6024
6025
6026
6027
6028
6029
6030
6031
6040
6041
6042
6043
6044
6045
6046
6047
6392
6393
6394
6395
6396
6397
6398
6399
6408
6409
6410
6411
6412
6413
6414
6415
6424
6425
6426
6427
6428
6429
6430
6431
6440
6441
6442
6443
6444
6445
6446
6447
6456
6457
6458
6459
6460
6461
6462
6463
6472
6473
6474
6475
6476
6477
6478
6479
6488
6489
6490
6491
6492
6493
6494
6495
6504
6505
6506
6507
6508
6509
6510
6511
6520
6521
6522
6523
6524
6525
6526
6527
6536
6537
6538
6539
6540
6541
6542
6543
6552
6553
6554
6555
6556
6557
6558
6559
6568
6569
6570
6571
6572
6573
6574
6575
6584
6585
6586
6587
6588
6589
6590
6591
6600
6601
6602
6603
6604
6605
6606
6607
6616
6617
6618
6619
6620
6621
6622
6623
6632
6633
6634
6635
6636
6637
6638
6639
6648
6649
6650
6651
6652
6653
6654
6655
6664
6665
6666
6667
6668
6669
6670
6671
6680
6681
6682
6683
6684
6685
6686
6687
6696
6697
6698
6699
6700
6701
6702
6703
6712
6713
6714
6715
6716
6717
6718
6719
7064
7065
7066
7067
7068
7069
7070
7071
7080
7081
7082
7083
7084
7085
7086
7087
7096
7097
7098
7099
7100
7101
7102
7103
7112
7113
7114
7115
7116
7117
7118
7119
7128
7129
7130
7131
7132
7133
7134
7135
7144
7145
7146
7147
7148
7149
7150
7151
7160
7161
7162
7163
7164
7165
7166
7167
7176
7177
7178
7179
7180
7181
7182
7183
7192
7193
7194
7195
7196
7197
7198
7199
7208
7209
7210
7211
7212
7213
7214
7215
7224
7225
7226
7227
7228
7229
7230
7231
7240
7241
7242
7243
7244
7245
7246
7247
7256
7257
7258
7259
7260
7261
7262
7263
7272
7273
7274
7275
7276
7277
7278
7279
7288
7289
7290
7291
7292
7293
7294
7295
7304
7305
7306
7307
7308
7309
7310
7311
7320
7321
7322
7323
7324
7325
7326
7327
7336
7337
7338
7339
7340
7341
7342
7343
7352
7353
7354
7355
7356
7357
7358
7359
7368
7369
7370
7371
7372
7373
7374
7375
7384
7385
7386
7387
7388
7389
7390
7391
7736
7737
7738
7739
7740
7741
7742
7743
7752
7753
7754
7755
7756
7757
7758
7759
7768
7769
7770
7771
7772
7773
7774
7775
7784
7785
7786
7787
7788
7789
7790
7791
7800
7801
7802
7803
7804
7805
7806
7807
7816
7817
7818
7819
7820
7821
7822
7823
7832
7833
7834
7835
7836
7837
7838
7839
7848
7849
7850
7851
7852
7853
7854
7855
7864
7865
7866
7867
7868
7869
7870
7871
7880
7881
7882
7883
7884
7885
7886
7887
7896
7897
7898
7899
7900
7901
7902
7903
7912
7913
7914
7915
7916
7917
7918
7919
7928
7929
7930
7931
7932
7933
7934
7935
7944
7945
7946
7947
7948
7949
7950
7951
7960
7961
7962
7963
7964
7965
7966
7967
7976
7977
7978
7979
7980
7981
7982
7983
7992
7993
7994
7995
7996
7997
7998
7999
8008
8009
8010
8011
8012
8013
8014
8015
8024
8025
8026
8027
8028
8029
8030
8031
8040
8041
8042
8043
8044
8045
8046
8047
8056
8057
8058
8059
8060
8061
8062
8063
8408
8409
8410
8411
8412
8413
8414
8415
8424
8425
8426
8427
8428
8429
8430
8431
8440
8441
8442
8443
8444
8445
8446
8447
8456
8457
8458
8459
8460
8461
8462
8463
8472
8473
8474
8475
8476
8477
8478
8479
8488
8489
8490
8491
8492
8493
8494
8495
8504
8505
8506
8507
8508
8509
8510
8511
8520
8521
8522
8523
8524
8525
8526
8527
8536
8537
8538
8539
8540
8541
8542
8543
8552
8553
8554
8555
8556
8557
8558
8559
8568
8569
8570
8571
8572
8573
8574
8575
8584
8585
8586
8587
8588
8589
8590
8591
8600
8601
8602
8603
8604
8605
8606
8607
8616
8617
8618
8619
8620
8621
8622
8623
8632
8633
8634
8635
8636
8637
8638
8639
8648
8649
8650
8651
8652
8653
8654
8655
8664
8665
8666
8667
8668
8669
8670
8671
8680
8681
8682
8683
8684
8685
8686
8687
8696
8697
8698
8699
8700
8701
8702
8703
8712
8713
8714
8715
8716
8717
8718
8719
8728
8729
8730
8731
8732
8733
8734
8735
9080
9081
9082
9083
9084
9085
9086
9087
9096
9097
9098
9099
9100
9101
9102
9103
9112
9113
9114
9115
9116
9117
9118
9119
9128
9129
9130
9131
9132
9133
9134
9135
9144
9145
9146
9147
9148
9149
9150
9151
9160
9161
9162
9163
9164
9165
9166
9167
9176
9177
9178
9179
9180
9181
9182
9183
9192
9193
9194
9195
9196
9197
9198
9199
9208
9209
9210
9211
9212
9213
9214
9215
9224
9225
9226
9227
9228
9229
9230
9231
9240
9241
9242
9243
9244
9245
9246
9247
9256
9257
9258
9259
9260
9261
9262
9263
9272
9273
9274
9275
9276
9277
9278
9279
9288
9289
9290
9291
9292
9293
9294
9295
9304
9305
9306
9307
9308
9309
9310
9311
9320
9321
9322
9323
9324
9325
9326
9327
9336
9337
9338
9339
9340
9341
9342
9343
9352
9353
9354
9355
9356
9357
9358
9359
9368
9369
9370
9371
9372
9373
9374
9375
9384
9385
9386
9387
9388
9389
9390
9391
9400
9401
9402
9403
9404
9405
9406
9407
9752
9753
9754
9755
9756
9757
9758
9759
9768
9769
9770
9771
9772
9773
9774
9775
9784
9785
9786
9787
9788
9789
9790
9791
9800
9801
9802
9803
9804
9805
9806
9807
9816
9817
9818
9819
9820
9821
9822
9823
9832
9833
9834
9835
9836
9837
9838
9839
9848
9849
9850
9851
9852
9853
9854
9855
9864
9865
9866
9867
9868
9869
9870
9871
9880
9881
9882
9883
9884
9885
9886
9887
9896
9897
9898
9899
9900
9901
9902
9903
9912
9913
9914
9915
9916
9917
9918
9919
9928
9929
9930
9931
9932
9933
9934
9935
9944
9945
9946
9947
9948
9949
9950
9951
9960
9961
9962
9963
9964
9965
9966
9967
9976
9977
9978
9979
9980
9981
9982
9983
9992
9993
9994
9995
9996
9997
9998
9999
10008
10009
10010
10011
10012
10013
10014
10015
10024
10025
10026
10027
10028
10029
10030
10031
10040
10041
10042
10043
10044
10045
10046
10047
10056
10057
10058
10059
10060
10061
10062
10063
10072
10073
10074
10075
10076
10077
10078
10079
10424
10425
10426
10427
10428
10429
10430
10431
10440
10441
10442
10443
10444
10445
10446
10447
10456
10457
10458
10459
10460
10461
10462
10463
10472
10473
10474
10475
10476
10477
10478
10479
10488
10489
10490
10491
10492
10493
10494
10495
10504
10505
10506
10507
10508
10509
10510
10511
10520
10521
10522
10523
10524
10525
10526
10527
10536
10537
10538
10539
10540
10541
10542
10543
10552
10553
10554
10555
10556
10557
10558
10559
10568
10569
10570
10571
10572
10573
10574
10575
10584
10585
10586
10587
10588
10589
10590
10591
10600
10601
10602
10603
10604
10605
10606
10607
10616
10617
10618
10619
10620
10621
10622
10623
10632
10633
10634
10635
10636
10637
10638
10639
10648
10649
10650
10651
10652
10653
10654
10655
10664
10665
10666
10667
10668
10669
10670
10671
10680
10681
10682
10683
10684
10685
10686
10687
10696
10697
10698
10699
10700
10701
10702
10703
10712
10713
10714
10715
10716
10717
10718
10719
10728
10729
10730
10731
10732
10733
10734
10735
10744
10745
10746
10747
10748
10749
10750
10751
)


// ************************************************************************* //
