/*--------------------------------*- C++ -*----------------------------------*\
  =========                 |
  \\      /  F ield         | OpenFOAM: The Open Source CFD Toolbox
   \\    /   O peration     | Website:  https://openfoam.org
    \\  /    A nd           | Version:  12
     \\/     M anipulation  |
\*---------------------------------------------------------------------------*/
FoamFile
{
    format      ascii;
    class       labelList;
    note        "nPoints: 3366 nCells: 2688 nFaces: 8696 nInternalFaces: 7432";
    location    "constant/polyMesh";
    object      neighbour;
}
// * * * * * * * * * * * * * * * * * * * * * * * * * * * * * * * * * * * * * //


7432
(
1
8
168
2
9
169
3
10
170
4
11
171
5
12
172
6
13
173
7
14
174
15
175
9
16
176
10
17
177
11
18
178
12
19
179
13
20
180
14
21
181
15
22
182
23
183
17
24
184
18
25
185
19
26
186
20
27
187
21
28
188
22
29
189
23
30
190
31
191
25
32
192
26
33
193
27
34
194
28
35
195
29
36
196
30
37
197
31
38
198
39
199
33
40
200
34
41
201
35
42
202
36
43
203
37
44
204
38
45
205
39
46
206
47
207
41
48
208
42
49
209
43
50
210
44
51
211
45
52
212
46
53
213
47
54
214
55
215
49
56
216
50
57
217
51
58
218
52
59
219
53
60
220
54
61
221
55
62
222
63
223
57
64
224
58
65
225
59
66
226
60
67
227
61
68
228
62
69
229
63
70
230
71
231
65
72
232
66
73
233
67
74
234
68
75
235
69
76
236
70
77
237
71
78
238
79
239
73
80
240
74
81
241
75
82
242
76
83
243
77
84
244
78
85
245
79
86
246
87
247
81
88
248
82
89
249
83
90
250
84
91
251
85
92
252
86
93
253
87
94
254
95
255
89
96
256
90
97
257
91
98
258
92
99
259
93
100
260
94
101
261
95
102
262
103
263
97
104
264
98
105
265
99
106
266
100
107
267
101
108
268
102
109
269
103
110
270
111
271
105
112
272
106
113
273
107
114
274
108
115
275
109
116
276
110
117
277
111
118
278
119
279
113
120
280
114
121
281
115
122
282
116
123
283
117
124
284
118
125
285
119
126
286
127
287
121
128
288
122
129
289
123
130
290
124
131
291
125
132
292
126
133
293
127
134
294
135
295
129
136
296
130
137
297
131
138
298
132
139
299
133
140
300
134
141
301
135
142
302
143
303
137
144
304
138
145
305
139
146
306
140
147
307
141
148
308
142
149
309
143
150
310
151
311
145
152
312
146
153
313
147
154
314
148
155
315
149
156
316
150
157
317
151
158
318
159
319
153
160
320
154
161
321
155
162
322
156
163
323
157
164
324
158
165
325
159
166
326
167
327
161
328
162
329
163
330
164
331
165
332
166
333
167
334
335
169
176
336
170
177
337
171
178
338
172
179
339
173
180
340
174
181
341
175
182
342
183
343
177
184
344
178
185
345
179
186
346
180
187
347
181
188
348
182
189
349
183
190
350
191
351
185
192
352
186
193
353
187
194
354
188
195
355
189
196
356
190
197
357
191
198
358
199
359
193
200
360
194
201
361
195
202
362
196
203
363
197
204
364
198
205
365
199
206
366
207
367
201
208
368
202
209
369
203
210
370
204
211
371
205
212
372
206
213
373
207
214
374
215
375
209
216
376
210
217
377
211
218
378
212
219
379
213
220
380
214
221
381
215
222
382
223
383
217
224
384
218
225
385
219
226
386
220
227
387
221
228
388
222
229
389
223
230
390
231
391
225
232
392
226
233
393
227
234
394
228
235
395
229
236
396
230
237
397
231
238
398
239
399
233
240
400
234
241
401
235
242
402
236
243
403
237
244
404
238
245
405
239
246
406
247
407
241
248
408
242
249
409
243
250
410
244
251
411
245
252
412
246
253
413
247
254
414
255
415
249
256
416
250
257
417
251
258
418
252
259
419
253
260
420
254
261
421
255
262
422
263
423
257
264
424
258
265
425
259
266
426
260
267
427
261
268
428
262
269
429
263
270
430
271
431
265
272
432
266
273
433
267
274
434
268
275
435
269
276
436
270
277
437
271
278
438
279
439
273
280
440
274
281
441
275
282
442
276
283
443
277
284
444
278
285
445
279
286
446
287
447
281
288
448
282
289
449
283
290
450
284
291
451
285
292
452
286
293
453
287
294
454
295
455
289
296
456
290
297
457
291
298
458
292
299
459
293
300
460
294
301
461
295
302
462
303
463
297
304
464
298
305
465
299
306
466
300
307
467
301
308
468
302
309
469
303
310
470
311
471
305
312
472
306
313
473
307
314
474
308
315
475
309
316
476
310
317
477
311
318
478
319
479
313
320
480
314
321
481
315
322
482
316
323
483
317
324
484
318
325
485
319
326
486
327
487
321
328
488
322
329
489
323
330
490
324
331
491
325
332
492
326
333
493
327
334
494
335
495
329
496
330
497
331
498
332
499
333
500
334
501
335
502
503
337
344
504
338
345
505
339
346
506
340
347
507
341
348
508
342
349
509
343
350
510
351
511
345
352
512
346
353
513
347
354
514
348
355
515
349
356
516
350
357
517
351
358
518
359
519
353
360
520
354
361
521
355
362
522
356
363
523
357
364
524
358
365
525
359
366
526
367
527
361
368
528
362
369
529
363
370
530
364
371
531
365
372
532
366
373
533
367
374
534
375
535
369
376
536
370
377
537
371
378
538
372
379
539
373
380
540
374
381
541
375
382
542
383
543
377
384
544
378
385
545
379
386
546
380
387
547
381
388
548
382
389
549
383
390
550
391
551
385
392
552
386
393
553
387
394
554
388
395
555
389
396
556
390
397
557
391
398
558
399
559
393
400
560
394
401
561
395
402
562
396
403
563
397
404
564
398
405
565
399
406
566
407
567
401
408
568
402
409
569
403
410
570
404
411
571
405
412
572
406
413
573
407
414
574
415
575
409
416
576
410
417
577
411
418
578
412
419
579
413
420
580
414
421
581
415
422
582
423
583
417
424
584
418
425
585
419
426
586
420
427
587
421
428
588
422
429
589
423
430
590
431
591
425
432
592
426
433
593
427
434
594
428
435
595
429
436
596
430
437
597
431
438
598
439
599
433
440
600
434
441
601
435
442
602
436
443
603
437
444
604
438
445
605
439
446
606
447
607
441
448
608
442
449
609
443
450
610
444
451
611
445
452
612
446
453
613
447
454
614
455
615
449
456
616
450
457
617
451
458
618
452
459
619
453
460
620
454
461
621
455
462
622
463
623
457
464
624
458
465
625
459
466
626
460
467
627
461
468
628
462
469
629
463
470
630
471
631
465
472
632
466
473
633
467
474
634
468
475
635
469
476
636
470
477
637
471
478
638
479
639
473
480
640
474
481
641
475
482
642
476
483
643
477
484
644
478
485
645
479
486
646
487
647
481
488
648
482
489
649
483
490
650
484
491
651
485
492
652
486
493
653
487
494
654
495
655
489
496
656
490
497
657
491
498
658
492
499
659
493
500
660
494
501
661
495
502
662
503
663
497
664
498
665
499
666
500
667
501
668
502
669
503
670
671
505
512
672
506
513
673
507
514
674
508
515
675
509
516
676
510
517
677
511
518
678
519
679
513
520
680
514
521
681
515
522
682
516
523
683
517
524
684
518
525
685
519
526
686
527
687
521
528
688
522
529
689
523
530
690
524
531
691
525
532
692
526
533
693
527
534
694
535
695
529
536
696
530
537
697
531
538
698
532
539
699
533
540
700
534
541
701
535
542
702
543
703
537
544
704
538
545
705
539
546
706
540
547
707
541
548
708
542
549
709
543
550
710
551
711
545
552
712
546
553
713
547
554
714
548
555
715
549
556
716
550
557
717
551
558
718
559
719
553
560
720
554
561
721
555
562
722
556
563
723
557
564
724
558
565
725
559
566
726
567
727
561
568
728
562
569
729
563
570
730
564
571
731
565
572
732
566
573
733
567
574
734
575
735
569
576
736
570
577
737
571
578
738
572
579
739
573
580
740
574
581
741
575
582
742
583
743
577
584
744
578
585
745
579
586
746
580
587
747
581
588
748
582
589
749
583
590
750
591
751
585
592
752
586
593
753
587
594
754
588
595
755
589
596
756
590
597
757
591
598
758
599
759
593
600
760
594
601
761
595
602
762
596
603
763
597
604
764
598
605
765
599
606
766
607
767
601
608
768
602
609
769
603
610
770
604
611
771
605
612
772
606
613
773
607
614
774
615
775
609
616
776
610
617
777
611
618
778
612
619
779
613
620
780
614
621
781
615
622
782
623
783
617
624
784
618
625
785
619
626
786
620
627
787
621
628
788
622
629
789
623
630
790
631
791
625
632
792
626
633
793
627
634
794
628
635
795
629
636
796
630
637
797
631
638
798
639
799
633
640
800
634
641
801
635
642
802
636
643
803
637
644
804
638
645
805
639
646
806
647
807
641
648
808
642
649
809
643
650
810
644
651
811
645
652
812
646
653
813
647
654
814
655
815
649
656
816
650
657
817
651
658
818
652
659
819
653
660
820
654
661
821
655
662
822
663
823
657
664
824
658
665
825
659
666
826
660
667
827
661
668
828
662
669
829
663
670
830
671
831
665
832
666
833
667
834
668
835
669
836
670
837
671
838
839
673
680
840
674
681
841
675
682
842
676
683
843
677
684
844
678
685
845
679
686
846
687
847
681
688
848
682
689
849
683
690
850
684
691
851
685
692
852
686
693
853
687
694
854
695
855
689
696
856
690
697
857
691
698
858
692
699
859
693
700
860
694
701
861
695
702
862
703
863
697
704
864
698
705
865
699
706
866
700
707
867
701
708
868
702
709
869
703
710
870
711
871
705
712
872
706
713
873
707
714
874
708
715
875
709
716
876
710
717
877
711
718
878
719
879
713
720
880
714
721
881
715
722
882
716
723
883
717
724
884
718
725
885
719
726
886
727
887
721
728
888
722
729
889
723
730
890
724
731
891
725
732
892
726
733
893
727
734
894
735
895
729
736
896
730
737
897
731
738
898
732
739
899
733
740
900
734
741
901
735
742
902
743
903
737
744
904
738
745
905
739
746
906
740
747
907
741
748
908
742
749
909
743
750
910
751
911
745
752
912
746
753
913
747
754
914
748
755
915
749
756
916
750
757
917
751
758
918
759
919
753
760
920
754
761
921
755
762
922
756
763
923
757
764
924
758
765
925
759
766
926
767
927
761
768
928
762
769
929
763
770
930
764
771
931
765
772
932
766
773
933
767
774
934
775
935
769
776
936
770
777
937
771
778
938
772
779
939
773
780
940
774
781
941
775
782
942
783
943
777
784
944
778
785
945
779
786
946
780
787
947
781
788
948
782
789
949
783
790
950
791
951
785
792
952
786
793
953
787
794
954
788
795
955
789
796
956
790
797
957
791
798
958
799
959
793
800
960
794
801
961
795
802
962
796
803
963
797
804
964
798
805
965
799
806
966
807
967
801
808
968
802
809
969
803
810
970
804
811
971
805
812
972
806
813
973
807
814
974
815
975
809
816
976
810
817
977
811
818
978
812
819
979
813
820
980
814
821
981
815
822
982
823
983
817
824
984
818
825
985
819
826
986
820
827
987
821
828
988
822
829
989
823
830
990
831
991
825
832
992
826
833
993
827
834
994
828
835
995
829
836
996
830
837
997
831
838
998
839
999
833
1000
834
1001
835
1002
836
1003
837
1004
838
1005
839
1006
1007
841
848
1008
842
849
1009
843
850
1010
844
851
1011
845
852
1012
846
853
1013
847
854
1014
855
1015
849
856
1016
850
857
1017
851
858
1018
852
859
1019
853
860
1020
854
861
1021
855
862
1022
863
1023
857
864
1024
858
865
1025
859
866
1026
860
867
1027
861
868
1028
862
869
1029
863
870
1030
871
1031
865
872
1032
866
873
1033
867
874
1034
868
875
1035
869
876
1036
870
877
1037
871
878
1038
879
1039
873
880
1040
874
881
1041
875
882
1042
876
883
1043
877
884
1044
878
885
1045
879
886
1046
887
1047
881
888
1048
882
889
1049
883
890
1050
884
891
1051
885
892
1052
886
893
1053
887
894
1054
895
1055
889
896
1056
890
897
1057
891
898
1058
892
899
1059
893
900
1060
894
901
1061
895
902
1062
903
1063
897
904
1064
898
905
1065
899
906
1066
900
907
1067
901
908
1068
902
909
1069
903
910
1070
911
1071
905
912
1072
906
913
1073
907
914
1074
908
915
1075
909
916
1076
910
917
1077
911
918
1078
919
1079
913
920
1080
914
921
1081
915
922
1082
916
923
1083
917
924
1084
918
925
1085
919
926
1086
927
1087
921
928
1088
922
929
1089
923
930
1090
924
931
1091
925
932
1092
926
933
1093
927
934
1094
935
1095
929
936
1096
930
937
1097
931
938
1098
932
939
1099
933
940
1100
934
941
1101
935
942
1102
943
1103
937
944
1104
938
945
1105
939
946
1106
940
947
1107
941
948
1108
942
949
1109
943
950
1110
951
1111
945
952
1112
946
953
1113
947
954
1114
948
955
1115
949
956
1116
950
957
1117
951
958
1118
959
1119
953
960
1120
954
961
1121
955
962
1122
956
963
1123
957
964
1124
958
965
1125
959
966
1126
967
1127
961
968
1128
962
969
1129
963
970
1130
964
971
1131
965
972
1132
966
973
1133
967
974
1134
975
1135
969
976
1136
970
977
1137
971
978
1138
972
979
1139
973
980
1140
974
981
1141
975
982
1142
983
1143
977
984
1144
978
985
1145
979
986
1146
980
987
1147
981
988
1148
982
989
1149
983
990
1150
991
1151
985
992
1152
986
993
1153
987
994
1154
988
995
1155
989
996
1156
990
997
1157
991
998
1158
999
1159
993
1000
1160
994
1001
1161
995
1002
1162
996
1003
1163
997
1004
1164
998
1005
1165
999
1006
1166
1007
1167
1001
1168
1002
1169
1003
1170
1004
1171
1005
1172
1006
1173
1007
1174
1175
1009
1016
1176
1010
1017
1177
1011
1018
1178
1012
1019
1179
1013
1020
1180
1014
1021
1181
1015
1022
1182
1023
1183
1017
1024
1184
1018
1025
1185
1019
1026
1186
1020
1027
1187
1021
1028
1188
1022
1029
1189
1023
1030
1190
1031
1191
1025
1032
1192
1026
1033
1193
1027
1034
1194
1028
1035
1195
1029
1036
1196
1030
1037
1197
1031
1038
1198
1039
1199
1033
1040
1200
1034
1041
1201
1035
1042
1202
1036
1043
1203
1037
1044
1204
1038
1045
1205
1039
1046
1206
1047
1207
1041
1048
1208
1042
1049
1209
1043
1050
1210
1044
1051
1211
1045
1052
1212
1046
1053
1213
1047
1054
1214
1055
1215
1049
1056
1216
1050
1057
1217
1051
1058
1218
1052
1059
1219
1053
1060
1220
1054
1061
1221
1055
1062
1222
1063
1223
1057
1064
1224
1058
1065
1225
1059
1066
1226
1060
1067
1227
1061
1068
1228
1062
1069
1229
1063
1070
1230
1071
1231
1065
1072
1232
1066
1073
1233
1067
1074
1234
1068
1075
1235
1069
1076
1236
1070
1077
1237
1071
1078
1238
1079
1239
1073
1080
1240
1074
1081
1241
1075
1082
1242
1076
1083
1243
1077
1084
1244
1078
1085
1245
1079
1086
1246
1087
1247
1081
1088
1248
1082
1089
1249
1083
1090
1250
1084
1091
1251
1085
1092
1252
1086
1093
1253
1087
1094
1254
1095
1255
1089
1096
1256
1090
1097
1257
1091
1098
1258
1092
1099
1259
1093
1100
1260
1094
1101
1261
1095
1102
1262
1103
1263
1097
1104
1264
1098
1105
1265
1099
1106
1266
1100
1107
1267
1101
1108
1268
1102
1109
1269
1103
1110
1270
1111
1271
1105
1112
1272
1106
1113
1273
1107
1114
1274
1108
1115
1275
1109
1116
1276
1110
1117
1277
1111
1118
1278
1119
1279
1113
1120
1280
1114
1121
1281
1115
1122
1282
1116
1123
1283
1117
1124
1284
1118
1125
1285
1119
1126
1286
1127
1287
1121
1128
1288
1122
1129
1289
1123
1130
1290
1124
1131
1291
1125
1132
1292
1126
1133
1293
1127
1134
1294
1135
1295
1129
1136
1296
1130
1137
1297
1131
1138
1298
1132
1139
1299
1133
1140
1300
1134
1141
1301
1135
1142
1302
1143
1303
1137
1144
1304
1138
1145
1305
1139
1146
1306
1140
1147
1307
1141
1148
1308
1142
1149
1309
1143
1150
1310
1151
1311
1145
1152
1312
1146
1153
1313
1147
1154
1314
1148
1155
1315
1149
1156
1316
1150
1157
1317
1151
1158
1318
1159
1319
1153
1160
1320
1154
1161
1321
1155
1162
1322
1156
1163
1323
1157
1164
1324
1158
1165
1325
1159
1166
1326
1167
1327
1161
1168
1328
1162
1169
1329
1163
1170
1330
1164
1171
1331
1165
1172
1332
1166
1173
1333
1167
1174
1334
1175
1335
1169
1336
1170
1337
1171
1338
1172
1339
1173
1340
1174
1341
1175
1342
1343
1177
1184
1344
1178
1185
1345
1179
1186
1346
1180
1187
1347
1181
1188
1348
1182
1189
1349
1183
1190
1350
1191
1351
1185
1192
1352
1186
1193
1353
1187
1194
1354
1188
1195
1355
1189
1196
1356
1190
1197
1357
1191
1198
1358
1199
1359
1193
1200
1360
1194
1201
1361
1195
1202
1362
1196
1203
1363
1197
1204
1364
1198
1205
1365
1199
1206
1366
1207
1367
1201
1208
1368
1202
1209
1369
1203
1210
1370
1204
1211
1371
1205
1212
1372
1206
1213
1373
1207
1214
1374
1215
1375
1209
1216
1376
1210
1217
1377
1211
1218
1378
1212
1219
1379
1213
1220
1380
1214
1221
1381
1215
1222
1382
1223
1383
1217
1224
1384
1218
1225
1385
1219
1226
1386
1220
1227
1387
1221
1228
1388
1222
1229
1389
1223
1230
1390
1231
1391
1225
1232
1392
1226
1233
1393
1227
1234
1394
1228
1235
1395
1229
1236
1396
1230
1237
1397
1231
1238
1398
1239
1399
1233
1240
1400
1234
1241
1401
1235
1242
1402
1236
1243
1403
1237
1244
1404
1238
1245
1405
1239
1246
1406
1247
1407
1241
1248
1408
1242
1249
1409
1243
1250
1410
1244
1251
1411
1245
1252
1412
1246
1253
1413
1247
1254
1414
1255
1415
1249
1256
1416
1250
1257
1417
1251
1258
1418
1252
1259
1419
1253
1260
1420
1254
1261
1421
1255
1262
1422
1263
1423
1257
1264
1424
1258
1265
1425
1259
1266
1426
1260
1267
1427
1261
1268
1428
1262
1269
1429
1263
1270
1430
1271
1431
1265
1272
1432
1266
1273
1433
1267
1274
1434
1268
1275
1435
1269
1276
1436
1270
1277
1437
1271
1278
1438
1279
1439
1273
1280
1440
1274
1281
1441
1275
1282
1442
1276
1283
1443
1277
1284
1444
1278
1285
1445
1279
1286
1446
1287
1447
1281
1288
1448
1282
1289
1449
1283
1290
1450
1284
1291
1451
1285
1292
1452
1286
1293
1453
1287
1294
1454
1295
1455
1289
1296
1456
1290
1297
1457
1291
1298
1458
1292
1299
1459
1293
1300
1460
1294
1301
1461
1295
1302
1462
1303
1463
1297
1304
1464
1298
1305
1465
1299
1306
1466
1300
1307
1467
1301
1308
1468
1302
1309
1469
1303
1310
1470
1311
1471
1305
1312
1472
1306
1313
1473
1307
1314
1474
1308
1315
1475
1309
1316
1476
1310
1317
1477
1311
1318
1478
1319
1479
1313
1320
1480
1314
1321
1481
1315
1322
1482
1316
1323
1483
1317
1324
1484
1318
1325
1485
1319
1326
1486
1327
1487
1321
1328
1488
1322
1329
1489
1323
1330
1490
1324
1331
1491
1325
1332
1492
1326
1333
1493
1327
1334
1494
1335
1495
1329
1336
1496
1330
1337
1497
1331
1338
1498
1332
1339
1499
1333
1340
1500
1334
1341
1501
1335
1342
1502
1343
1503
1337
1504
1338
1505
1339
1506
1340
1507
1341
1508
1342
1509
1343
1510
1511
1345
1352
1512
1346
1353
1513
1347
1354
1514
1348
1355
1515
1349
1356
1516
1350
1357
1517
1351
1358
1518
1359
1519
1353
1360
1520
1354
1361
1521
1355
1362
1522
1356
1363
1523
1357
1364
1524
1358
1365
1525
1359
1366
1526
1367
1527
1361
1368
1528
1362
1369
1529
1363
1370
1530
1364
1371
1531
1365
1372
1532
1366
1373
1533
1367
1374
1534
1375
1535
1369
1376
1536
1370
1377
1537
1371
1378
1538
1372
1379
1539
1373
1380
1540
1374
1381
1541
1375
1382
1542
1383
1543
1377
1384
1544
1378
1385
1545
1379
1386
1546
1380
1387
1547
1381
1388
1548
1382
1389
1549
1383
1390
1550
1391
1551
1385
1392
1552
1386
1393
1553
1387
1394
1554
1388
1395
1555
1389
1396
1556
1390
1397
1557
1391
1398
1558
1399
1559
1393
1400
1560
1394
1401
1561
1395
1402
1562
1396
1403
1563
1397
1404
1564
1398
1405
1565
1399
1406
1566
1407
1567
1401
1408
1568
1402
1409
1569
1403
1410
1570
1404
1411
1571
1405
1412
1572
1406
1413
1573
1407
1414
1574
1415
1575
1409
1416
1576
1410
1417
1577
1411
1418
1578
1412
1419
1579
1413
1420
1580
1414
1421
1581
1415
1422
1582
1423
1583
1417
1424
1584
1418
1425
1585
1419
1426
1586
1420
1427
1587
1421
1428
1588
1422
1429
1589
1423
1430
1590
1431
1591
1425
1432
1592
1426
1433
1593
1427
1434
1594
1428
1435
1595
1429
1436
1596
1430
1437
1597
1431
1438
1598
1439
1599
1433
1440
1600
1434
1441
1601
1435
1442
1602
1436
1443
1603
1437
1444
1604
1438
1445
1605
1439
1446
1606
1447
1607
1441
1448
1608
1442
1449
1609
1443
1450
1610
1444
1451
1611
1445
1452
1612
1446
1453
1613
1447
1454
1614
1455
1615
1449
1456
1616
1450
1457
1617
1451
1458
1618
1452
1459
1619
1453
1460
1620
1454
1461
1621
1455
1462
1622
1463
1623
1457
1464
1624
1458
1465
1625
1459
1466
1626
1460
1467
1627
1461
1468
1628
1462
1469
1629
1463
1470
1630
1471
1631
1465
1472
1632
1466
1473
1633
1467
1474
1634
1468
1475
1635
1469
1476
1636
1470
1477
1637
1471
1478
1638
1479
1639
1473
1480
1640
1474
1481
1641
1475
1482
1642
1476
1483
1643
1477
1484
1644
1478
1485
1645
1479
1486
1646
1487
1647
1481
1488
1648
1482
1489
1649
1483
1490
1650
1484
1491
1651
1485
1492
1652
1486
1493
1653
1487
1494
1654
1495
1655
1489
1496
1656
1490
1497
1657
1491
1498
1658
1492
1499
1659
1493
1500
1660
1494
1501
1661
1495
1502
1662
1503
1663
1497
1504
1664
1498
1505
1665
1499
1506
1666
1500
1507
1667
1501
1508
1668
1502
1509
1669
1503
1510
1670
1511
1671
1505
1672
1506
1673
1507
1674
1508
1675
1509
1676
1510
1677
1511
1678
1679
1513
1520
1680
1514
1521
1681
1515
1522
1682
1516
1523
1683
1517
1524
1684
1518
1525
1685
1519
1526
1686
1527
1687
1521
1528
1688
1522
1529
1689
1523
1530
1690
1524
1531
1691
1525
1532
1692
1526
1533
1693
1527
1534
1694
1535
1695
1529
1536
1696
1530
1537
1697
1531
1538
1698
1532
1539
1699
1533
1540
1700
1534
1541
1701
1535
1542
1702
1543
1703
1537
1544
1704
1538
1545
1705
1539
1546
1706
1540
1547
1707
1541
1548
1708
1542
1549
1709
1543
1550
1710
1551
1711
1545
1552
1712
1546
1553
1713
1547
1554
1714
1548
1555
1715
1549
1556
1716
1550
1557
1717
1551
1558
1718
1559
1719
1553
1560
1720
1554
1561
1721
1555
1562
1722
1556
1563
1723
1557
1564
1724
1558
1565
1725
1559
1566
1726
1567
1727
1561
1568
1728
1562
1569
1729
1563
1570
1730
1564
1571
1731
1565
1572
1732
1566
1573
1733
1567
1574
1734
1575
1735
1569
1576
1736
1570
1577
1737
1571
1578
1738
1572
1579
1739
1573
1580
1740
1574
1581
1741
1575
1582
1742
1583
1743
1577
1584
1744
1578
1585
1745
1579
1586
1746
1580
1587
1747
1581
1588
1748
1582
1589
1749
1583
1590
1750
1591
1751
1585
1592
1752
1586
1593
1753
1587
1594
1754
1588
1595
1755
1589
1596
1756
1590
1597
1757
1591
1598
1758
1599
1759
1593
1600
1760
1594
1601
1761
1595
1602
1762
1596
1603
1763
1597
1604
1764
1598
1605
1765
1599
1606
1766
1607
1767
1601
1608
1768
1602
1609
1769
1603
1610
1770
1604
1611
1771
1605
1612
1772
1606
1613
1773
1607
1614
1774
1615
1775
1609
1616
1776
1610
1617
1777
1611
1618
1778
1612
1619
1779
1613
1620
1780
1614
1621
1781
1615
1622
1782
1623
1783
1617
1624
1784
1618
1625
1785
1619
1626
1786
1620
1627
1787
1621
1628
1788
1622
1629
1789
1623
1630
1790
1631
1791
1625
1632
1792
1626
1633
1793
1627
1634
1794
1628
1635
1795
1629
1636
1796
1630
1637
1797
1631
1638
1798
1639
1799
1633
1640
1800
1634
1641
1801
1635
1642
1802
1636
1643
1803
1637
1644
1804
1638
1645
1805
1639
1646
1806
1647
1807
1641
1648
1808
1642
1649
1809
1643
1650
1810
1644
1651
1811
1645
1652
1812
1646
1653
1813
1647
1654
1814
1655
1815
1649
1656
1816
1650
1657
1817
1651
1658
1818
1652
1659
1819
1653
1660
1820
1654
1661
1821
1655
1662
1822
1663
1823
1657
1664
1824
1658
1665
1825
1659
1666
1826
1660
1667
1827
1661
1668
1828
1662
1669
1829
1663
1670
1830
1671
1831
1665
1672
1832
1666
1673
1833
1667
1674
1834
1668
1675
1835
1669
1676
1836
1670
1677
1837
1671
1678
1838
1679
1839
1673
1840
1674
1841
1675
1842
1676
1843
1677
1844
1678
1845
1679
1846
1847
1681
1688
1848
1682
1689
1849
1683
1690
1850
1684
1691
1851
1685
1692
1852
1686
1693
1853
1687
1694
1854
1695
1855
1689
1696
1856
1690
1697
1857
1691
1698
1858
1692
1699
1859
1693
1700
1860
1694
1701
1861
1695
1702
1862
1703
1863
1697
1704
1864
1698
1705
1865
1699
1706
1866
1700
1707
1867
1701
1708
1868
1702
1709
1869
1703
1710
1870
1711
1871
1705
1712
1872
1706
1713
1873
1707
1714
1874
1708
1715
1875
1709
1716
1876
1710
1717
1877
1711
1718
1878
1719
1879
1713
1720
1880
1714
1721
1881
1715
1722
1882
1716
1723
1883
1717
1724
1884
1718
1725
1885
1719
1726
1886
1727
1887
1721
1728
1888
1722
1729
1889
1723
1730
1890
1724
1731
1891
1725
1732
1892
1726
1733
1893
1727
1734
1894
1735
1895
1729
1736
1896
1730
1737
1897
1731
1738
1898
1732
1739
1899
1733
1740
1900
1734
1741
1901
1735
1742
1902
1743
1903
1737
1744
1904
1738
1745
1905
1739
1746
1906
1740
1747
1907
1741
1748
1908
1742
1749
1909
1743
1750
1910
1751
1911
1745
1752
1912
1746
1753
1913
1747
1754
1914
1748
1755
1915
1749
1756
1916
1750
1757
1917
1751
1758
1918
1759
1919
1753
1760
1920
1754
1761
1921
1755
1762
1922
1756
1763
1923
1757
1764
1924
1758
1765
1925
1759
1766
1926
1767
1927
1761
1768
1928
1762
1769
1929
1763
1770
1930
1764
1771
1931
1765
1772
1932
1766
1773
1933
1767
1774
1934
1775
1935
1769
1776
1936
1770
1777
1937
1771
1778
1938
1772
1779
1939
1773
1780
1940
1774
1781
1941
1775
1782
1942
1783
1943
1777
1784
1944
1778
1785
1945
1779
1786
1946
1780
1787
1947
1781
1788
1948
1782
1789
1949
1783
1790
1950
1791
1951
1785
1792
1952
1786
1793
1953
1787
1794
1954
1788
1795
1955
1789
1796
1956
1790
1797
1957
1791
1798
1958
1799
1959
1793
1800
1960
1794
1801
1961
1795
1802
1962
1796
1803
1963
1797
1804
1964
1798
1805
1965
1799
1806
1966
1807
1967
1801
1808
1968
1802
1809
1969
1803
1810
1970
1804
1811
1971
1805
1812
1972
1806
1813
1973
1807
1814
1974
1815
1975
1809
1816
1976
1810
1817
1977
1811
1818
1978
1812
1819
1979
1813
1820
1980
1814
1821
1981
1815
1822
1982
1823
1983
1817
1824
1984
1818
1825
1985
1819
1826
1986
1820
1827
1987
1821
1828
1988
1822
1829
1989
1823
1830
1990
1831
1991
1825
1832
1992
1826
1833
1993
1827
1834
1994
1828
1835
1995
1829
1836
1996
1830
1837
1997
1831
1838
1998
1839
1999
1833
1840
2000
1834
1841
2001
1835
1842
2002
1836
1843
2003
1837
1844
2004
1838
1845
2005
1839
1846
2006
1847
2007
1841
2008
1842
2009
1843
2010
1844
2011
1845
2012
1846
2013
1847
2014
2015
1849
1856
2016
1850
1857
2017
1851
1858
2018
1852
1859
2019
1853
1860
2020
1854
1861
2021
1855
1862
2022
1863
2023
1857
1864
2024
1858
1865
2025
1859
1866
2026
1860
1867
2027
1861
1868
2028
1862
1869
2029
1863
1870
2030
1871
2031
1865
1872
2032
1866
1873
2033
1867
1874
2034
1868
1875
2035
1869
1876
2036
1870
1877
2037
1871
1878
2038
1879
2039
1873
1880
2040
1874
1881
2041
1875
1882
2042
1876
1883
2043
1877
1884
2044
1878
1885
2045
1879
1886
2046
1887
2047
1881
1888
2048
1882
1889
2049
1883
1890
2050
1884
1891
2051
1885
1892
2052
1886
1893
2053
1887
1894
2054
1895
2055
1889
1896
2056
1890
1897
2057
1891
1898
2058
1892
1899
2059
1893
1900
2060
1894
1901
2061
1895
1902
2062
1903
2063
1897
1904
2064
1898
1905
2065
1899
1906
2066
1900
1907
2067
1901
1908
2068
1902
1909
2069
1903
1910
2070
1911
2071
1905
1912
2072
1906
1913
2073
1907
1914
2074
1908
1915
2075
1909
1916
2076
1910
1917
2077
1911
1918
2078
1919
2079
1913
1920
2080
1914
1921
2081
1915
1922
2082
1916
1923
2083
1917
1924
2084
1918
1925
2085
1919
1926
2086
1927
2087
1921
1928
2088
1922
1929
2089
1923
1930
2090
1924
1931
2091
1925
1932
2092
1926
1933
2093
1927
1934
2094
1935
2095
1929
1936
2096
1930
1937
2097
1931
1938
2098
1932
1939
2099
1933
1940
2100
1934
1941
2101
1935
1942
2102
1943
2103
1937
1944
2104
1938
1945
2105
1939
1946
2106
1940
1947
2107
1941
1948
2108
1942
1949
2109
1943
1950
2110
1951
2111
1945
1952
2112
1946
1953
2113
1947
1954
2114
1948
1955
2115
1949
1956
2116
1950
1957
2117
1951
1958
2118
1959
2119
1953
1960
2120
1954
1961
2121
1955
1962
2122
1956
1963
2123
1957
1964
2124
1958
1965
2125
1959
1966
2126
1967
2127
1961
1968
2128
1962
1969
2129
1963
1970
2130
1964
1971
2131
1965
1972
2132
1966
1973
2133
1967
1974
2134
1975
2135
1969
1976
2136
1970
1977
2137
1971
1978
2138
1972
1979
2139
1973
1980
2140
1974
1981
2141
1975
1982
2142
1983
2143
1977
1984
2144
1978
1985
2145
1979
1986
2146
1980
1987
2147
1981
1988
2148
1982
1989
2149
1983
1990
2150
1991
2151
1985
1992
2152
1986
1993
2153
1987
1994
2154
1988
1995
2155
1989
1996
2156
1990
1997
2157
1991
1998
2158
1999
2159
1993
2000
2160
1994
2001
2161
1995
2002
2162
1996
2003
2163
1997
2004
2164
1998
2005
2165
1999
2006
2166
2007
2167
2001
2008
2168
2002
2009
2169
2003
2010
2170
2004
2011
2171
2005
2012
2172
2006
2013
2173
2007
2014
2174
2015
2175
2009
2176
2010
2177
2011
2178
2012
2179
2013
2180
2014
2181
2015
2182
2183
2017
2024
2184
2018
2025
2185
2019
2026
2186
2020
2027
2187
2021
2028
2188
2022
2029
2189
2023
2030
2190
2031
2191
2025
2032
2192
2026
2033
2193
2027
2034
2194
2028
2035
2195
2029
2036
2196
2030
2037
2197
2031
2038
2198
2039
2199
2033
2040
2200
2034
2041
2201
2035
2042
2202
2036
2043
2203
2037
2044
2204
2038
2045
2205
2039
2046
2206
2047
2207
2041
2048
2208
2042
2049
2209
2043
2050
2210
2044
2051
2211
2045
2052
2212
2046
2053
2213
2047
2054
2214
2055
2215
2049
2056
2216
2050
2057
2217
2051
2058
2218
2052
2059
2219
2053
2060
2220
2054
2061
2221
2055
2062
2222
2063
2223
2057
2064
2224
2058
2065
2225
2059
2066
2226
2060
2067
2227
2061
2068
2228
2062
2069
2229
2063
2070
2230
2071
2231
2065
2072
2232
2066
2073
2233
2067
2074
2234
2068
2075
2235
2069
2076
2236
2070
2077
2237
2071
2078
2238
2079
2239
2073
2080
2240
2074
2081
2241
2075
2082
2242
2076
2083
2243
2077
2084
2244
2078
2085
2245
2079
2086
2246
2087
2247
2081
2088
2248
2082
2089
2249
2083
2090
2250
2084
2091
2251
2085
2092
2252
2086
2093
2253
2087
2094
2254
2095
2255
2089
2096
2256
2090
2097
2257
2091
2098
2258
2092
2099
2259
2093
2100
2260
2094
2101
2261
2095
2102
2262
2103
2263
2097
2104
2264
2098
2105
2265
2099
2106
2266
2100
2107
2267
2101
2108
2268
2102
2109
2269
2103
2110
2270
2111
2271
2105
2112
2272
2106
2113
2273
2107
2114
2274
2108
2115
2275
2109
2116
2276
2110
2117
2277
2111
2118
2278
2119
2279
2113
2120
2280
2114
2121
2281
2115
2122
2282
2116
2123
2283
2117
2124
2284
2118
2125
2285
2119
2126
2286
2127
2287
2121
2128
2288
2122
2129
2289
2123
2130
2290
2124
2131
2291
2125
2132
2292
2126
2133
2293
2127
2134
2294
2135
2295
2129
2136
2296
2130
2137
2297
2131
2138
2298
2132
2139
2299
2133
2140
2300
2134
2141
2301
2135
2142
2302
2143
2303
2137
2144
2304
2138
2145
2305
2139
2146
2306
2140
2147
2307
2141
2148
2308
2142
2149
2309
2143
2150
2310
2151
2311
2145
2152
2312
2146
2153
2313
2147
2154
2314
2148
2155
2315
2149
2156
2316
2150
2157
2317
2151
2158
2318
2159
2319
2153
2160
2320
2154
2161
2321
2155
2162
2322
2156
2163
2323
2157
2164
2324
2158
2165
2325
2159
2166
2326
2167
2327
2161
2168
2328
2162
2169
2329
2163
2170
2330
2164
2171
2331
2165
2172
2332
2166
2173
2333
2167
2174
2334
2175
2335
2169
2176
2336
2170
2177
2337
2171
2178
2338
2172
2179
2339
2173
2180
2340
2174
2181
2341
2175
2182
2342
2183
2343
2177
2344
2178
2345
2179
2346
2180
2347
2181
2348
2182
2349
2183
2350
2351
2185
2192
2352
2186
2193
2353
2187
2194
2354
2188
2195
2355
2189
2196
2356
2190
2197
2357
2191
2198
2358
2199
2359
2193
2200
2360
2194
2201
2361
2195
2202
2362
2196
2203
2363
2197
2204
2364
2198
2205
2365
2199
2206
2366
2207
2367
2201
2208
2368
2202
2209
2369
2203
2210
2370
2204
2211
2371
2205
2212
2372
2206
2213
2373
2207
2214
2374
2215
2375
2209
2216
2376
2210
2217
2377
2211
2218
2378
2212
2219
2379
2213
2220
2380
2214
2221
2381
2215
2222
2382
2223
2383
2217
2224
2384
2218
2225
2385
2219
2226
2386
2220
2227
2387
2221
2228
2388
2222
2229
2389
2223
2230
2390
2231
2391
2225
2232
2392
2226
2233
2393
2227
2234
2394
2228
2235
2395
2229
2236
2396
2230
2237
2397
2231
2238
2398
2239
2399
2233
2240
2400
2234
2241
2401
2235
2242
2402
2236
2243
2403
2237
2244
2404
2238
2245
2405
2239
2246
2406
2247
2407
2241
2248
2408
2242
2249
2409
2243
2250
2410
2244
2251
2411
2245
2252
2412
2246
2253
2413
2247
2254
2414
2255
2415
2249
2256
2416
2250
2257
2417
2251
2258
2418
2252
2259
2419
2253
2260
2420
2254
2261
2421
2255
2262
2422
2263
2423
2257
2264
2424
2258
2265
2425
2259
2266
2426
2260
2267
2427
2261
2268
2428
2262
2269
2429
2263
2270
2430
2271
2431
2265
2272
2432
2266
2273
2433
2267
2274
2434
2268
2275
2435
2269
2276
2436
2270
2277
2437
2271
2278
2438
2279
2439
2273
2280
2440
2274
2281
2441
2275
2282
2442
2276
2283
2443
2277
2284
2444
2278
2285
2445
2279
2286
2446
2287
2447
2281
2288
2448
2282
2289
2449
2283
2290
2450
2284
2291
2451
2285
2292
2452
2286
2293
2453
2287
2294
2454
2295
2455
2289
2296
2456
2290
2297
2457
2291
2298
2458
2292
2299
2459
2293
2300
2460
2294
2301
2461
2295
2302
2462
2303
2463
2297
2304
2464
2298
2305
2465
2299
2306
2466
2300
2307
2467
2301
2308
2468
2302
2309
2469
2303
2310
2470
2311
2471
2305
2312
2472
2306
2313
2473
2307
2314
2474
2308
2315
2475
2309
2316
2476
2310
2317
2477
2311
2318
2478
2319
2479
2313
2320
2480
2314
2321
2481
2315
2322
2482
2316
2323
2483
2317
2324
2484
2318
2325
2485
2319
2326
2486
2327
2487
2321
2328
2488
2322
2329
2489
2323
2330
2490
2324
2331
2491
2325
2332
2492
2326
2333
2493
2327
2334
2494
2335
2495
2329
2336
2496
2330
2337
2497
2331
2338
2498
2332
2339
2499
2333
2340
2500
2334
2341
2501
2335
2342
2502
2343
2503
2337
2344
2504
2338
2345
2505
2339
2346
2506
2340
2347
2507
2341
2348
2508
2342
2349
2509
2343
2350
2510
2351
2511
2345
2512
2346
2513
2347
2514
2348
2515
2349
2516
2350
2517
2351
2518
2519
2353
2360
2520
2354
2361
2521
2355
2362
2522
2356
2363
2523
2357
2364
2524
2358
2365
2525
2359
2366
2526
2367
2527
2361
2368
2528
2362
2369
2529
2363
2370
2530
2364
2371
2531
2365
2372
2532
2366
2373
2533
2367
2374
2534
2375
2535
2369
2376
2536
2370
2377
2537
2371
2378
2538
2372
2379
2539
2373
2380
2540
2374
2381
2541
2375
2382
2542
2383
2543
2377
2384
2544
2378
2385
2545
2379
2386
2546
2380
2387
2547
2381
2388
2548
2382
2389
2549
2383
2390
2550
2391
2551
2385
2392
2552
2386
2393
2553
2387
2394
2554
2388
2395
2555
2389
2396
2556
2390
2397
2557
2391
2398
2558
2399
2559
2393
2400
2560
2394
2401
2561
2395
2402
2562
2396
2403
2563
2397
2404
2564
2398
2405
2565
2399
2406
2566
2407
2567
2401
2408
2568
2402
2409
2569
2403
2410
2570
2404
2411
2571
2405
2412
2572
2406
2413
2573
2407
2414
2574
2415
2575
2409
2416
2576
2410
2417
2577
2411
2418
2578
2412
2419
2579
2413
2420
2580
2414
2421
2581
2415
2422
2582
2423
2583
2417
2424
2584
2418
2425
2585
2419
2426
2586
2420
2427
2587
2421
2428
2588
2422
2429
2589
2423
2430
2590
2431
2591
2425
2432
2592
2426
2433
2593
2427
2434
2594
2428
2435
2595
2429
2436
2596
2430
2437
2597
2431
2438
2598
2439
2599
2433
2440
2600
2434
2441
2601
2435
2442
2602
2436
2443
2603
2437
2444
2604
2438
2445
2605
2439
2446
2606
2447
2607
2441
2448
2608
2442
2449
2609
2443
2450
2610
2444
2451
2611
2445
2452
2612
2446
2453
2613
2447
2454
2614
2455
2615
2449
2456
2616
2450
2457
2617
2451
2458
2618
2452
2459
2619
2453
2460
2620
2454
2461
2621
2455
2462
2622
2463
2623
2457
2464
2624
2458
2465
2625
2459
2466
2626
2460
2467
2627
2461
2468
2628
2462
2469
2629
2463
2470
2630
2471
2631
2465
2472
2632
2466
2473
2633
2467
2474
2634
2468
2475
2635
2469
2476
2636
2470
2477
2637
2471
2478
2638
2479
2639
2473
2480
2640
2474
2481
2641
2475
2482
2642
2476
2483
2643
2477
2484
2644
2478
2485
2645
2479
2486
2646
2487
2647
2481
2488
2648
2482
2489
2649
2483
2490
2650
2484
2491
2651
2485
2492
2652
2486
2493
2653
2487
2494
2654
2495
2655
2489
2496
2656
2490
2497
2657
2491
2498
2658
2492
2499
2659
2493
2500
2660
2494
2501
2661
2495
2502
2662
2503
2663
2497
2504
2664
2498
2505
2665
2499
2506
2666
2500
2507
2667
2501
2508
2668
2502
2509
2669
2503
2510
2670
2511
2671
2505
2512
2672
2506
2513
2673
2507
2514
2674
2508
2515
2675
2509
2516
2676
2510
2517
2677
2511
2518
2678
2519
2679
2513
2680
2514
2681
2515
2682
2516
2683
2517
2684
2518
2685
2519
2686
2687
2521
2528
2522
2529
2523
2530
2524
2531
2525
2532
2526
2533
2527
2534
2535
2529
2536
2530
2537
2531
2538
2532
2539
2533
2540
2534
2541
2535
2542
2543
2537
2544
2538
2545
2539
2546
2540
2547
2541
2548
2542
2549
2543
2550
2551
2545
2552
2546
2553
2547
2554
2548
2555
2549
2556
2550
2557
2551
2558
2559
2553
2560
2554
2561
2555
2562
2556
2563
2557
2564
2558
2565
2559
2566
2567
2561
2568
2562
2569
2563
2570
2564
2571
2565
2572
2566
2573
2567
2574
2575
2569
2576
2570
2577
2571
2578
2572
2579
2573
2580
2574
2581
2575
2582
2583
2577
2584
2578
2585
2579
2586
2580
2587
2581
2588
2582
2589
2583
2590
2591
2585
2592
2586
2593
2587
2594
2588
2595
2589
2596
2590
2597
2591
2598
2599
2593
2600
2594
2601
2595
2602
2596
2603
2597
2604
2598
2605
2599
2606
2607
2601
2608
2602
2609
2603
2610
2604
2611
2605
2612
2606
2613
2607
2614
2615
2609
2616
2610
2617
2611
2618
2612
2619
2613
2620
2614
2621
2615
2622
2623
2617
2624
2618
2625
2619
2626
2620
2627
2621
2628
2622
2629
2623
2630
2631
2625
2632
2626
2633
2627
2634
2628
2635
2629
2636
2630
2637
2631
2638
2639
2633
2640
2634
2641
2635
2642
2636
2643
2637
2644
2638
2645
2639
2646
2647
2641
2648
2642
2649
2643
2650
2644
2651
2645
2652
2646
2653
2647
2654
2655
2649
2656
2650
2657
2651
2658
2652
2659
2653
2660
2654
2661
2655
2662
2663
2657
2664
2658
2665
2659
2666
2660
2667
2661
2668
2662
2669
2663
2670
2671
2665
2672
2666
2673
2667
2674
2668
2675
2669
2676
2670
2677
2671
2678
2679
2673
2680
2674
2681
2675
2682
2676
2683
2677
2684
2678
2685
2679
2686
2687
2681
2682
2683
2684
2685
2686
2687
)


// ************************************************************************* //
