/*--------------------------------*- C++ -*----------------------------------*\
  =========                 |
  \\      /  F ield         | OpenFOAM: The Open Source CFD Toolbox
   \\    /   O peration     | Website:  https://openfoam.org
    \\  /    A nd           | Version:  12
     \\/     M anipulation  |
\*---------------------------------------------------------------------------*/
FoamFile
{
    format      ascii;
    class       labelList;
    location    "constant/polyMesh";
    object      pointProcAddressing;
}
// * * * * * * * * * * * * * * * * * * * * * * * * * * * * * * * * * * * * * //


3366
(
365
366
367
368
369
370
371
372
373
382
383
384
385
386
387
388
389
390
399
400
401
402
403
404
405
406
407
416
417
418
419
420
421
422
423
424
433
434
435
436
437
438
439
440
441
450
451
452
453
454
455
456
457
458
467
468
469
470
471
472
473
474
475
484
485
486
487
488
489
490
491
492
501
502
503
504
505
506
507
508
509
518
519
520
521
522
523
524
525
526
535
536
537
538
539
540
541
542
543
552
553
554
555
556
557
558
559
560
569
570
571
572
573
574
575
576
577
586
587
588
589
590
591
592
593
594
603
604
605
606
607
608
609
610
611
620
621
622
623
624
625
626
627
628
637
638
639
640
641
642
643
644
645
654
655
656
657
658
659
660
661
662
671
672
673
674
675
676
677
678
679
688
689
690
691
692
693
694
695
696
705
706
707
708
709
710
711
712
713
722
723
724
725
726
727
728
729
730
1096
1097
1098
1099
1100
1101
1102
1103
1104
1113
1114
1115
1116
1117
1118
1119
1120
1121
1130
1131
1132
1133
1134
1135
1136
1137
1138
1147
1148
1149
1150
1151
1152
1153
1154
1155
1164
1165
1166
1167
1168
1169
1170
1171
1172
1181
1182
1183
1184
1185
1186
1187
1188
1189
1198
1199
1200
1201
1202
1203
1204
1205
1206
1215
1216
1217
1218
1219
1220
1221
1222
1223
1232
1233
1234
1235
1236
1237
1238
1239
1240
1249
1250
1251
1252
1253
1254
1255
1256
1257
1266
1267
1268
1269
1270
1271
1272
1273
1274
1283
1284
1285
1286
1287
1288
1289
1290
1291
1300
1301
1302
1303
1304
1305
1306
1307
1308
1317
1318
1319
1320
1321
1322
1323
1324
1325
1334
1335
1336
1337
1338
1339
1340
1341
1342
1351
1352
1353
1354
1355
1356
1357
1358
1359
1368
1369
1370
1371
1372
1373
1374
1375
1376
1385
1386
1387
1388
1389
1390
1391
1392
1393
1402
1403
1404
1405
1406
1407
1408
1409
1410
1419
1420
1421
1422
1423
1424
1425
1426
1427
1436
1437
1438
1439
1440
1441
1442
1443
1444
1453
1454
1455
1456
1457
1458
1459
1460
1461
1827
1828
1829
1830
1831
1832
1833
1834
1835
1844
1845
1846
1847
1848
1849
1850
1851
1852
1861
1862
1863
1864
1865
1866
1867
1868
1869
1878
1879
1880
1881
1882
1883
1884
1885
1886
1895
1896
1897
1898
1899
1900
1901
1902
1903
1912
1913
1914
1915
1916
1917
1918
1919
1920
1929
1930
1931
1932
1933
1934
1935
1936
1937
1946
1947
1948
1949
1950
1951
1952
1953
1954
1963
1964
1965
1966
1967
1968
1969
1970
1971
1980
1981
1982
1983
1984
1985
1986
1987
1988
1997
1998
1999
2000
2001
2002
2003
2004
2005
2014
2015
2016
2017
2018
2019
2020
2021
2022
2031
2032
2033
2034
2035
2036
2037
2038
2039
2048
2049
2050
2051
2052
2053
2054
2055
2056
2065
2066
2067
2068
2069
2070
2071
2072
2073
2082
2083
2084
2085
2086
2087
2088
2089
2090
2099
2100
2101
2102
2103
2104
2105
2106
2107
2116
2117
2118
2119
2120
2121
2122
2123
2124
2133
2134
2135
2136
2137
2138
2139
2140
2141
2150
2151
2152
2153
2154
2155
2156
2157
2158
2167
2168
2169
2170
2171
2172
2173
2174
2175
2184
2185
2186
2187
2188
2189
2190
2191
2192
2558
2559
2560
2561
2562
2563
2564
2565
2566
2575
2576
2577
2578
2579
2580
2581
2582
2583
2592
2593
2594
2595
2596
2597
2598
2599
2600
2609
2610
2611
2612
2613
2614
2615
2616
2617
2626
2627
2628
2629
2630
2631
2632
2633
2634
2643
2644
2645
2646
2647
2648
2649
2650
2651
2660
2661
2662
2663
2664
2665
2666
2667
2668
2677
2678
2679
2680
2681
2682
2683
2684
2685
2694
2695
2696
2697
2698
2699
2700
2701
2702
2711
2712
2713
2714
2715
2716
2717
2718
2719
2728
2729
2730
2731
2732
2733
2734
2735
2736
2745
2746
2747
2748
2749
2750
2751
2752
2753
2762
2763
2764
2765
2766
2767
2768
2769
2770
2779
2780
2781
2782
2783
2784
2785
2786
2787
2796
2797
2798
2799
2800
2801
2802
2803
2804
2813
2814
2815
2816
2817
2818
2819
2820
2821
2830
2831
2832
2833
2834
2835
2836
2837
2838
2847
2848
2849
2850
2851
2852
2853
2854
2855
2864
2865
2866
2867
2868
2869
2870
2871
2872
2881
2882
2883
2884
2885
2886
2887
2888
2889
2898
2899
2900
2901
2902
2903
2904
2905
2906
2915
2916
2917
2918
2919
2920
2921
2922
2923
3289
3290
3291
3292
3293
3294
3295
3296
3297
3306
3307
3308
3309
3310
3311
3312
3313
3314
3323
3324
3325
3326
3327
3328
3329
3330
3331
3340
3341
3342
3343
3344
3345
3346
3347
3348
3357
3358
3359
3360
3361
3362
3363
3364
3365
3374
3375
3376
3377
3378
3379
3380
3381
3382
3391
3392
3393
3394
3395
3396
3397
3398
3399
3408
3409
3410
3411
3412
3413
3414
3415
3416
3425
3426
3427
3428
3429
3430
3431
3432
3433
3442
3443
3444
3445
3446
3447
3448
3449
3450
3459
3460
3461
3462
3463
3464
3465
3466
3467
3476
3477
3478
3479
3480
3481
3482
3483
3484
3493
3494
3495
3496
3497
3498
3499
3500
3501
3510
3511
3512
3513
3514
3515
3516
3517
3518
3527
3528
3529
3530
3531
3532
3533
3534
3535
3544
3545
3546
3547
3548
3549
3550
3551
3552
3561
3562
3563
3564
3565
3566
3567
3568
3569
3578
3579
3580
3581
3582
3583
3584
3585
3586
3595
3596
3597
3598
3599
3600
3601
3602
3603
3612
3613
3614
3615
3616
3617
3618
3619
3620
3629
3630
3631
3632
3633
3634
3635
3636
3637
3646
3647
3648
3649
3650
3651
3652
3653
3654
4020
4021
4022
4023
4024
4025
4026
4027
4028
4037
4038
4039
4040
4041
4042
4043
4044
4045
4054
4055
4056
4057
4058
4059
4060
4061
4062
4071
4072
4073
4074
4075
4076
4077
4078
4079
4088
4089
4090
4091
4092
4093
4094
4095
4096
4105
4106
4107
4108
4109
4110
4111
4112
4113
4122
4123
4124
4125
4126
4127
4128
4129
4130
4139
4140
4141
4142
4143
4144
4145
4146
4147
4156
4157
4158
4159
4160
4161
4162
4163
4164
4173
4174
4175
4176
4177
4178
4179
4180
4181
4190
4191
4192
4193
4194
4195
4196
4197
4198
4207
4208
4209
4210
4211
4212
4213
4214
4215
4224
4225
4226
4227
4228
4229
4230
4231
4232
4241
4242
4243
4244
4245
4246
4247
4248
4249
4258
4259
4260
4261
4262
4263
4264
4265
4266
4275
4276
4277
4278
4279
4280
4281
4282
4283
4292
4293
4294
4295
4296
4297
4298
4299
4300
4309
4310
4311
4312
4313
4314
4315
4316
4317
4326
4327
4328
4329
4330
4331
4332
4333
4334
4343
4344
4345
4346
4347
4348
4349
4350
4351
4360
4361
4362
4363
4364
4365
4366
4367
4368
4377
4378
4379
4380
4381
4382
4383
4384
4385
4751
4752
4753
4754
4755
4756
4757
4758
4759
4768
4769
4770
4771
4772
4773
4774
4775
4776
4785
4786
4787
4788
4789
4790
4791
4792
4793
4802
4803
4804
4805
4806
4807
4808
4809
4810
4819
4820
4821
4822
4823
4824
4825
4826
4827
4836
4837
4838
4839
4840
4841
4842
4843
4844
4853
4854
4855
4856
4857
4858
4859
4860
4861
4870
4871
4872
4873
4874
4875
4876
4877
4878
4887
4888
4889
4890
4891
4892
4893
4894
4895
4904
4905
4906
4907
4908
4909
4910
4911
4912
4921
4922
4923
4924
4925
4926
4927
4928
4929
4938
4939
4940
4941
4942
4943
4944
4945
4946
4955
4956
4957
4958
4959
4960
4961
4962
4963
4972
4973
4974
4975
4976
4977
4978
4979
4980
4989
4990
4991
4992
4993
4994
4995
4996
4997
5006
5007
5008
5009
5010
5011
5012
5013
5014
5023
5024
5025
5026
5027
5028
5029
5030
5031
5040
5041
5042
5043
5044
5045
5046
5047
5048
5057
5058
5059
5060
5061
5062
5063
5064
5065
5074
5075
5076
5077
5078
5079
5080
5081
5082
5091
5092
5093
5094
5095
5096
5097
5098
5099
5108
5109
5110
5111
5112
5113
5114
5115
5116
5482
5483
5484
5485
5486
5487
5488
5489
5490
5499
5500
5501
5502
5503
5504
5505
5506
5507
5516
5517
5518
5519
5520
5521
5522
5523
5524
5533
5534
5535
5536
5537
5538
5539
5540
5541
5550
5551
5552
5553
5554
5555
5556
5557
5558
5567
5568
5569
5570
5571
5572
5573
5574
5575
5584
5585
5586
5587
5588
5589
5590
5591
5592
5601
5602
5603
5604
5605
5606
5607
5608
5609
5618
5619
5620
5621
5622
5623
5624
5625
5626
5635
5636
5637
5638
5639
5640
5641
5642
5643
5652
5653
5654
5655
5656
5657
5658
5659
5660
5669
5670
5671
5672
5673
5674
5675
5676
5677
5686
5687
5688
5689
5690
5691
5692
5693
5694
5703
5704
5705
5706
5707
5708
5709
5710
5711
5720
5721
5722
5723
5724
5725
5726
5727
5728
5737
5738
5739
5740
5741
5742
5743
5744
5745
5754
5755
5756
5757
5758
5759
5760
5761
5762
5771
5772
5773
5774
5775
5776
5777
5778
5779
5788
5789
5790
5791
5792
5793
5794
5795
5796
5805
5806
5807
5808
5809
5810
5811
5812
5813
5822
5823
5824
5825
5826
5827
5828
5829
5830
5839
5840
5841
5842
5843
5844
5845
5846
5847
6213
6214
6215
6216
6217
6218
6219
6220
6221
6230
6231
6232
6233
6234
6235
6236
6237
6238
6247
6248
6249
6250
6251
6252
6253
6254
6255
6264
6265
6266
6267
6268
6269
6270
6271
6272
6281
6282
6283
6284
6285
6286
6287
6288
6289
6298
6299
6300
6301
6302
6303
6304
6305
6306
6315
6316
6317
6318
6319
6320
6321
6322
6323
6332
6333
6334
6335
6336
6337
6338
6339
6340
6349
6350
6351
6352
6353
6354
6355
6356
6357
6366
6367
6368
6369
6370
6371
6372
6373
6374
6383
6384
6385
6386
6387
6388
6389
6390
6391
6400
6401
6402
6403
6404
6405
6406
6407
6408
6417
6418
6419
6420
6421
6422
6423
6424
6425
6434
6435
6436
6437
6438
6439
6440
6441
6442
6451
6452
6453
6454
6455
6456
6457
6458
6459
6468
6469
6470
6471
6472
6473
6474
6475
6476
6485
6486
6487
6488
6489
6490
6491
6492
6493
6502
6503
6504
6505
6506
6507
6508
6509
6510
6519
6520
6521
6522
6523
6524
6525
6526
6527
6536
6537
6538
6539
6540
6541
6542
6543
6544
6553
6554
6555
6556
6557
6558
6559
6560
6561
6570
6571
6572
6573
6574
6575
6576
6577
6578
6944
6945
6946
6947
6948
6949
6950
6951
6952
6961
6962
6963
6964
6965
6966
6967
6968
6969
6978
6979
6980
6981
6982
6983
6984
6985
6986
6995
6996
6997
6998
6999
7000
7001
7002
7003
7012
7013
7014
7015
7016
7017
7018
7019
7020
7029
7030
7031
7032
7033
7034
7035
7036
7037
7046
7047
7048
7049
7050
7051
7052
7053
7054
7063
7064
7065
7066
7067
7068
7069
7070
7071
7080
7081
7082
7083
7084
7085
7086
7087
7088
7097
7098
7099
7100
7101
7102
7103
7104
7105
7114
7115
7116
7117
7118
7119
7120
7121
7122
7131
7132
7133
7134
7135
7136
7137
7138
7139
7148
7149
7150
7151
7152
7153
7154
7155
7156
7165
7166
7167
7168
7169
7170
7171
7172
7173
7182
7183
7184
7185
7186
7187
7188
7189
7190
7199
7200
7201
7202
7203
7204
7205
7206
7207
7216
7217
7218
7219
7220
7221
7222
7223
7224
7233
7234
7235
7236
7237
7238
7239
7240
7241
7250
7251
7252
7253
7254
7255
7256
7257
7258
7267
7268
7269
7270
7271
7272
7273
7274
7275
7284
7285
7286
7287
7288
7289
7290
7291
7292
7301
7302
7303
7304
7305
7306
7307
7308
7309
7675
7676
7677
7678
7679
7680
7681
7682
7683
7692
7693
7694
7695
7696
7697
7698
7699
7700
7709
7710
7711
7712
7713
7714
7715
7716
7717
7726
7727
7728
7729
7730
7731
7732
7733
7734
7743
7744
7745
7746
7747
7748
7749
7750
7751
7760
7761
7762
7763
7764
7765
7766
7767
7768
7777
7778
7779
7780
7781
7782
7783
7784
7785
7794
7795
7796
7797
7798
7799
7800
7801
7802
7811
7812
7813
7814
7815
7816
7817
7818
7819
7828
7829
7830
7831
7832
7833
7834
7835
7836
7845
7846
7847
7848
7849
7850
7851
7852
7853
7862
7863
7864
7865
7866
7867
7868
7869
7870
7879
7880
7881
7882
7883
7884
7885
7886
7887
7896
7897
7898
7899
7900
7901
7902
7903
7904
7913
7914
7915
7916
7917
7918
7919
7920
7921
7930
7931
7932
7933
7934
7935
7936
7937
7938
7947
7948
7949
7950
7951
7952
7953
7954
7955
7964
7965
7966
7967
7968
7969
7970
7971
7972
7981
7982
7983
7984
7985
7986
7987
7988
7989
7998
7999
8000
8001
8002
8003
8004
8005
8006
8015
8016
8017
8018
8019
8020
8021
8022
8023
8032
8033
8034
8035
8036
8037
8038
8039
8040
8406
8407
8408
8409
8410
8411
8412
8413
8414
8423
8424
8425
8426
8427
8428
8429
8430
8431
8440
8441
8442
8443
8444
8445
8446
8447
8448
8457
8458
8459
8460
8461
8462
8463
8464
8465
8474
8475
8476
8477
8478
8479
8480
8481
8482
8491
8492
8493
8494
8495
8496
8497
8498
8499
8508
8509
8510
8511
8512
8513
8514
8515
8516
8525
8526
8527
8528
8529
8530
8531
8532
8533
8542
8543
8544
8545
8546
8547
8548
8549
8550
8559
8560
8561
8562
8563
8564
8565
8566
8567
8576
8577
8578
8579
8580
8581
8582
8583
8584
8593
8594
8595
8596
8597
8598
8599
8600
8601
8610
8611
8612
8613
8614
8615
8616
8617
8618
8627
8628
8629
8630
8631
8632
8633
8634
8635
8644
8645
8646
8647
8648
8649
8650
8651
8652
8661
8662
8663
8664
8665
8666
8667
8668
8669
8678
8679
8680
8681
8682
8683
8684
8685
8686
8695
8696
8697
8698
8699
8700
8701
8702
8703
8712
8713
8714
8715
8716
8717
8718
8719
8720
8729
8730
8731
8732
8733
8734
8735
8736
8737
8746
8747
8748
8749
8750
8751
8752
8753
8754
8763
8764
8765
8766
8767
8768
8769
8770
8771
9137
9138
9139
9140
9141
9142
9143
9144
9145
9154
9155
9156
9157
9158
9159
9160
9161
9162
9171
9172
9173
9174
9175
9176
9177
9178
9179
9188
9189
9190
9191
9192
9193
9194
9195
9196
9205
9206
9207
9208
9209
9210
9211
9212
9213
9222
9223
9224
9225
9226
9227
9228
9229
9230
9239
9240
9241
9242
9243
9244
9245
9246
9247
9256
9257
9258
9259
9260
9261
9262
9263
9264
9273
9274
9275
9276
9277
9278
9279
9280
9281
9290
9291
9292
9293
9294
9295
9296
9297
9298
9307
9308
9309
9310
9311
9312
9313
9314
9315
9324
9325
9326
9327
9328
9329
9330
9331
9332
9341
9342
9343
9344
9345
9346
9347
9348
9349
9358
9359
9360
9361
9362
9363
9364
9365
9366
9375
9376
9377
9378
9379
9380
9381
9382
9383
9392
9393
9394
9395
9396
9397
9398
9399
9400
9409
9410
9411
9412
9413
9414
9415
9416
9417
9426
9427
9428
9429
9430
9431
9432
9433
9434
9443
9444
9445
9446
9447
9448
9449
9450
9451
9460
9461
9462
9463
9464
9465
9466
9467
9468
9477
9478
9479
9480
9481
9482
9483
9484
9485
9494
9495
9496
9497
9498
9499
9500
9501
9502
9868
9869
9870
9871
9872
9873
9874
9875
9876
9885
9886
9887
9888
9889
9890
9891
9892
9893
9902
9903
9904
9905
9906
9907
9908
9909
9910
9919
9920
9921
9922
9923
9924
9925
9926
9927
9936
9937
9938
9939
9940
9941
9942
9943
9944
9953
9954
9955
9956
9957
9958
9959
9960
9961
9970
9971
9972
9973
9974
9975
9976
9977
9978
9987
9988
9989
9990
9991
9992
9993
9994
9995
10004
10005
10006
10007
10008
10009
10010
10011
10012
10021
10022
10023
10024
10025
10026
10027
10028
10029
10038
10039
10040
10041
10042
10043
10044
10045
10046
10055
10056
10057
10058
10059
10060
10061
10062
10063
10072
10073
10074
10075
10076
10077
10078
10079
10080
10089
10090
10091
10092
10093
10094
10095
10096
10097
10106
10107
10108
10109
10110
10111
10112
10113
10114
10123
10124
10125
10126
10127
10128
10129
10130
10131
10140
10141
10142
10143
10144
10145
10146
10147
10148
10157
10158
10159
10160
10161
10162
10163
10164
10165
10174
10175
10176
10177
10178
10179
10180
10181
10182
10191
10192
10193
10194
10195
10196
10197
10198
10199
10208
10209
10210
10211
10212
10213
10214
10215
10216
10225
10226
10227
10228
10229
10230
10231
10232
10233
10599
10600
10601
10602
10603
10604
10605
10606
10607
10616
10617
10618
10619
10620
10621
10622
10623
10624
10633
10634
10635
10636
10637
10638
10639
10640
10641
10650
10651
10652
10653
10654
10655
10656
10657
10658
10667
10668
10669
10670
10671
10672
10673
10674
10675
10684
10685
10686
10687
10688
10689
10690
10691
10692
10701
10702
10703
10704
10705
10706
10707
10708
10709
10718
10719
10720
10721
10722
10723
10724
10725
10726
10735
10736
10737
10738
10739
10740
10741
10742
10743
10752
10753
10754
10755
10756
10757
10758
10759
10760
10769
10770
10771
10772
10773
10774
10775
10776
10777
10786
10787
10788
10789
10790
10791
10792
10793
10794
10803
10804
10805
10806
10807
10808
10809
10810
10811
10820
10821
10822
10823
10824
10825
10826
10827
10828
10837
10838
10839
10840
10841
10842
10843
10844
10845
10854
10855
10856
10857
10858
10859
10860
10861
10862
10871
10872
10873
10874
10875
10876
10877
10878
10879
10888
10889
10890
10891
10892
10893
10894
10895
10896
10905
10906
10907
10908
10909
10910
10911
10912
10913
10922
10923
10924
10925
10926
10927
10928
10929
10930
10939
10940
10941
10942
10943
10944
10945
10946
10947
10956
10957
10958
10959
10960
10961
10962
10963
10964
11330
11331
11332
11333
11334
11335
11336
11337
11338
11347
11348
11349
11350
11351
11352
11353
11354
11355
11364
11365
11366
11367
11368
11369
11370
11371
11372
11381
11382
11383
11384
11385
11386
11387
11388
11389
11398
11399
11400
11401
11402
11403
11404
11405
11406
11415
11416
11417
11418
11419
11420
11421
11422
11423
11432
11433
11434
11435
11436
11437
11438
11439
11440
11449
11450
11451
11452
11453
11454
11455
11456
11457
11466
11467
11468
11469
11470
11471
11472
11473
11474
11483
11484
11485
11486
11487
11488
11489
11490
11491
11500
11501
11502
11503
11504
11505
11506
11507
11508
11517
11518
11519
11520
11521
11522
11523
11524
11525
11534
11535
11536
11537
11538
11539
11540
11541
11542
11551
11552
11553
11554
11555
11556
11557
11558
11559
11568
11569
11570
11571
11572
11573
11574
11575
11576
11585
11586
11587
11588
11589
11590
11591
11592
11593
11602
11603
11604
11605
11606
11607
11608
11609
11610
11619
11620
11621
11622
11623
11624
11625
11626
11627
11636
11637
11638
11639
11640
11641
11642
11643
11644
11653
11654
11655
11656
11657
11658
11659
11660
11661
11670
11671
11672
11673
11674
11675
11676
11677
11678
11687
11688
11689
11690
11691
11692
11693
11694
11695
12061
12062
12063
12064
12065
12066
12067
12068
12069
12078
12079
12080
12081
12082
12083
12084
12085
12086
12095
12096
12097
12098
12099
12100
12101
12102
12103
12112
12113
12114
12115
12116
12117
12118
12119
12120
12129
12130
12131
12132
12133
12134
12135
12136
12137
12146
12147
12148
12149
12150
12151
12152
12153
12154
12163
12164
12165
12166
12167
12168
12169
12170
12171
12180
12181
12182
12183
12184
12185
12186
12187
12188
12197
12198
12199
12200
12201
12202
12203
12204
12205
12214
12215
12216
12217
12218
12219
12220
12221
12222
12231
12232
12233
12234
12235
12236
12237
12238
12239
12248
12249
12250
12251
12252
12253
12254
12255
12256
12265
12266
12267
12268
12269
12270
12271
12272
12273
12282
12283
12284
12285
12286
12287
12288
12289
12290
12299
12300
12301
12302
12303
12304
12305
12306
12307
12316
12317
12318
12319
12320
12321
12322
12323
12324
12333
12334
12335
12336
12337
12338
12339
12340
12341
12350
12351
12352
12353
12354
12355
12356
12357
12358
12367
12368
12369
12370
12371
12372
12373
12374
12375
12384
12385
12386
12387
12388
12389
12390
12391
12392
12401
12402
12403
12404
12405
12406
12407
12408
12409
12418
12419
12420
12421
12422
12423
12424
12425
12426
)


// ************************************************************************* //
